"site2","103_2","103_3","103_5","103_8","112_12","112_3","112_8","125_5","125_6","125_9","129_10","129_11","129_5","157_2","157_3","157_4","157_5","157_6","157_8","160_10","160_11","160_5","160_8","165_1","165_4","165_5","165_7","199_3","199_6","199_9","236_2","236_3","236_4","236_5","236_6","236_7","260_1","260_2","260_3","260_4","260_5","260_6","261_1","261_10","261_11","261_12","261_2","261_3","261_4","261_5","261_6","261_7","261_8","261_9","307_1","307_2","307_3","307_5","307_7","357_2","357_3","357_4","357_6","357_9","363_3","363_4","363_5","363_6","363_7","363_8","399_10","399_12","399_3","399_5","399_6","399_7","399_8","399_9","69_10","69_11","69_2","69_6","69_8","81_11","81_15","81_3","81_7","81_9","99_10","99_4","99_6","99_7","99_8","Extra_1","Extra_2","Extra_3","Extra_4","Extra_5"
"103_2",0,0.944341372912801,0.880321285140562,0.859778597785978,0.974468085106383,0.973829531812725,0.970108695652174,0.911065149948294,0.965465465465466,0.972222222222222,0.910791366906474,0.94311377245509,0.867298578199053,0.952592592592593,0.872791519434629,0.99523241954708,0.965333333333333,1,0.98136315228967,0.978723404255319,0.936548223350254,0.959552953698776,0.976923076923077,0.956972111553785,0.923705722070844,0.987590486039297,0.972382048331415,0.937869822485207,0.96028880866426,0.965346534653465,1,0.984168865435356,0.986915989750859,0.987325728770596,0.992010652463382,1,0.983471074380165,0.964750957854406,0.996789727126806,0.997979797979798,0.996421115419028,0.995550611790879,0.957928802588996,0.979591836734694,1,0.982783357245337,0.982005141388175,0.992718446601942,0.994904458598726,0.986409966024915,0.976435935198822,0.988684582743989,0.99452804377565,0.993730407523511,0.977426636568848,0.98562874251497,0.990485252140819,0.978155339805825,0.979381443298969,0.977973568281939,0.948833709556057,0.974335472043996,0.972602739726028,0.97682119205298,0.99171270718232,0.948019801980198,0.974683544303798,1,1,0.992010652463382,0.9812734082397,0.965665236051502,1,0.975481611208406,1,0.978181818181818,0.949206349206349,0.984444444444445,0.961988304093567,0.824038461538461,0.927191679049034,0.935403726708075,0.989542483660131,0.920595533498759,0.991584852734922,0.905940594059406,0.94475138121547,0.965909090909091,0.948844884488449,0.915555555555555,0.925217391304348,0.936908517350158,0.865150284321689,0.975308641975309,0.948849104859335,0.957703927492447,0.977715877437326,0.978925184404636
"103_3",0.944341372912801,-4.44089209850063e-16,0.855491329479769,0.611365719523373,0.739572736520855,0.882202602230483,0.879684418145957,0.746184738955823,0.849689440993789,0.725701943844492,0.905275779376499,0.768277571251549,0.616755793226381,0.853095487932844,0.895297249334516,0.937332139659803,0.88715953307393,0.954582319545823,0.926127912741695,0.819376026272578,0.844277673545966,0.894297635605007,0.768447837150127,0.791965566714491,0.879446640316206,0.906827309236948,0.935483870967742,0.794549266247379,0.756132756132756,0.877284595300261,0.955395683453238,0.85017667844523,0.987970570860856,0.943767572633552,0.902818270165209,0.860927152317881,0.868629671574179,0.799115603284902,0.879265091863517,0.8801261829653,0.825943266317819,0.925233644859814,0.939732142857143,0.872413793103449,0.956155143338954,0.926153846153846,0.960227272727273,0.860254083484574,0.904045155221072,0.965546942291128,0.983281086729363,0.841624365482233,0.879088206144698,0.949781659388646,0.878006872852233,0.845462713387242,0.763732129420617,0.912885662431942,0.92371705963939,0.813414634146341,0.864343497199751,0.950328707085464,0.866551126516465,0.845222072678331,0.910179640718563,0.953959484346225,0.874620829120324,0.927272727272727,0.970124481327801,0.865889212827988,0.928571428571428,0.986559139784946,0.963436928702011,0.938751472320377,0.968487394957983,0.905711695376246,0.929923479661699,0.903225806451613,0.927095990279465,0.922815945716709,0.855911330049261,0.809787626962142,0.76222435282838,0.682582380632145,0.899091826437941,0.762430939226519,0.686811098441658,0.810017271157167,0.806711409395973,0.838709677419355,0.721288515406163,0.962385321100917,0.733598409542744,0.851042701092353,0.879245283018868,0.759244689221086,0.905622489959839,0.939690301548493
"103_5",0.880321285140562,0.855491329479769,8.88178419700125e-16,0.757091490211746,0.94321503131524,0.953293413173652,0.921681780708985,0.665788483251788,0.86631369953673,0.871685201026519,0.954545454545454,0.906807666886979,0.764009471191792,0.941649048625793,0.873178416699488,0.956504547251878,0.967213114754099,0.979584120982987,0.948218876239442,0.977946768060837,0.973365617433414,0.913140935836368,0.715119363395226,0.45047619047619,0.935643564356436,0.970643582988333,0.94294646346229,0.909551986475064,0.81915654038599,0.940700808625337,0.991434689507494,0.941280509373895,0.921329805820396,0.972569584509883,0.963949201147071,0.945801526717557,0.938997821350762,0.873789649415693,0.931198910081744,0.96044776119403,0.917906008328376,0.992275009656238,0.991334488734835,0.910575427682737,0.998460354118553,0.981566820276498,0.997568881685575,0.94351630867144,0.972525252525252,0.973571706179557,0.974672857745884,0.949937421777222,0.914911193721602,0.947594501718213,0.979037267080745,0.96990099009901,0.924115286391827,0.928400954653938,0.927820602662929,0.920707732634338,0.871480622722756,0.902193455591514,0.816835541699142,0.906142167011732,0.984258492129246,0.99359487590072,0.985006247396918,0.9766860949209,0.980894153611005,0.954936501433839,0.973021582733813,0.953617810760668,0.994104159842778,0.934542237947811,0.995769881556684,0.958648111332008,0.799743260590501,0.974517374517375,0.908436886854153,0.96604774535809,0.849143610013175,0.692985971943888,0.945417515274949,0.866850638151087,0.884311277569704,0.89751801441153,0.703685382141974,0.93307392996109,0.628532046864231,0.894980694980695,0.56830985915493,0.913140311804009,0.537829510441629,0.976849937990905,0.964401294498382,0.952292210212449,0.988372093023256,0.961348995831754
"103_8",0.859778597785978,0.611365719523373,0.757091490211746,0,0.857938718662952,0.869111830276879,0.789052069425901,0.638775510204082,0.827509293680298,0.7821482602118,0.794725588025659,0.773165307635285,0.661610268378063,0.633720930232558,0.684454756380511,0.97887323943662,0.876802096985584,0.96694214876033,0.935261342531175,0.876180482686254,0.805243445692885,0.850951374207188,0.730530339225991,0.729686880697582,0.820615796519411,0.914285714285714,0.909297052154195,0.721335268505079,0.776984834968778,0.916379734382685,0.960888888888889,0.721739130434783,0.94170843320985,0.867830423940149,0.952879581151832,0.923647932131495,0.912621359223301,0.860394537177541,0.85385226370135,0.930209371884347,0.759952465834819,0.868421052631578,0.832012678288432,0.872625698324022,0.950054288816504,0.915492957746479,0.88621997471555,0.906810035842294,0.947368421052631,0.935267857142857,0.956647398843931,0.869444444444444,0.911290322580645,0.94162826420891,0.855394883203559,0.900943396226416,0.725563909774436,0.949820788530466,0.877655055225148,0.767272727272727,0.88822652757079,0.97463768115942,0.923509561304837,0.921375921375921,0.983717774762551,0.970767356881852,0.831491712707182,0.933793103448276,0.93404255319149,0.924083769633508,0.820840950639854,0.945720250521921,0.989825581395349,0.849315068493151,0.967976710334789,0.966587112171838,0.899909828674481,0.91894852135816,0.892831281679942,0.946488294314382,0.855776306107432,0.699266503667481,0.812339331619537,0.844517184942717,0.834710743801653,0.641900121802679,0.775147928994083,0.80963045912654,0.742040816326531,0.691128148959474,0.688736027515047,0.87467362924282,0.657556270096463,0.892183288409704,0.833962264150943,0.803180914512923,0.928864569083447,0.877338877338877
"112_12",0.974468085106383,0.739572736520855,0.94321503131524,0.857938718662952,-4.44089209850063e-16,0.974256223436552,0.77223088923557,0.873853211009174,0.951495553759095,0.750452079566003,0.8996138996139,0.825946817082998,0.751668891855808,0.810344827586208,0.702917771883289,0.594086021505376,0.676335877862596,0.876744186046511,0.966675771647091,0.737278106508876,0.913419913419913,0.860986547085201,0.862972292191435,0.978467908902691,0.896713615023474,0.768348623853211,0.937984496124031,0.690189328743545,0.897334649555775,0.941818181818181,0.742379547689282,0.783109404990403,0.98914949583516,0.694524495677233,0.564024390243903,0.633532934131736,0.658823529411765,0.872727272727272,0.697654213727194,0.781005586592179,0.882750153468385,0.800995024875622,0.919694072657744,0.758576874205845,0.736777367773678,0.784053156146179,0.797950219619326,0.838134430727023,0.852173913043479,0.82994923857868,0.85958904109589,0.816993464052287,0.745283018867924,0.804788213627993,0.668773704171935,0.654054054054054,0.751046025104603,0.755829903978052,0.653882132834424,0.733228097868982,0.948136142625608,0.997991967871486,0.946222791293214,0.956873315363882,0.615262321144674,0.722300140252454,0.704545454545455,0.656401944894652,0.639423076923077,0.567073170731708,0.899772209567198,0.978436657681941,0.818611987381703,0.798319327731092,0.848013816925734,0.764383561643836,0.971563981042654,0.672049689440994,0.940298507462686,0.88816120906801,0.958433253397282,0.988732394366197,0.811940298507463,0.700179533213645,0.724919093851132,0.755960729312763,0.953055801594332,0.740127388535032,0.976723366159356,0.875776397515528,0.874881516587677,0.931377974543442,0.857394366197183,0.782334384858045,0.927219796215429,0.837416481069043,0.659711075441413,0.939110070257612
"112_3",0.973829531812725,0.882202602230483,0.953293413173652,0.869111830276879,0.974256223436552,4.44089209850063e-16,0.98911202516332,0.970577851006237,0.846987136086662,0.995597945707997,0.884529147982063,0.844349199187909,0.810843085741581,0.905179768433882,0.96109320921351,0.998566136933923,0.996376811594203,0.995050088391279,0.90802764486975,0.99409681227863,0.992546285164703,0.823785737060261,0.438085327783559,0.985458167330677,0.985963213939981,0.997175473696599,0.994523157518752,0.838167194735559,0.915489696689048,0.976544502617801,0.995371441795881,0.729087342794508,0.893402388590423,0.969948311095083,0.99323753169907,0.991016548463357,0.997541487400123,0.91601584606678,0.81950774840474,0.955633802816901,0.274648534411467,0.915055166686439,0.970790378006873,0.97432239657632,0.995733586157858,0.994651756411814,0.975445353875782,0.956428058415131,0.998075766686711,0.997860454059194,0.99756364965282,0.994415442515479,0.973368841544607,0.996816846229187,0.953897338403042,0.97513448894202,0.573476284815289,0.974144122576011,0.934897630549805,0.798470535312641,0.917823682131166,0.988168425936667,0.95764929812039,0.880979629205768,0.996850012115338,0.994003358119453,0.995146220118917,0.997816064062121,0.976350951874187,0.994445115324236,0.996775793650793,1,0.998425728100753,0.994568571781261,0.999512432959532,0.992100538599641,0.944940934771443,0.971530249110321,0.878624409979771,0.977107180020811,0.906489409643984,0.993041391721656,0.911512959614225,0.951253003776176,0.974766468518743,0.800431758215399,0.76444399473844,0.777883472057075,0.913292152825441,0.87520759193357,0.943087557603687,0.923027989821883,0.906631663052163,0.995398958711708,0.992781520692974,0.938284641558137,0.989088263821532,0.991272555725911
"112_8",0.970108695652174,0.879684418145957,0.921681780708985,0.789052069425901,0.77223088923557,0.98911202516332,0,0.880398671096345,0.95583596214511,0.804794520547945,0.971342383107089,0.970125786163522,0.894871794871795,0.813420621931261,0.814012738853503,0.827096774193549,0.661807580174928,0.865319865319865,0.981581798483207,0.82648401826484,0.961325966850828,0.986776859504132,0.965277777777778,0.884709730171709,0.91044776119403,0.796234772978959,0.883229813664597,0.800653594771242,0.938697318007663,0.983640081799591,0.847328244274809,0.847157502329917,0.97472509437059,0.812413793103449,0.807860262008734,0.792147806004618,0.767097966728281,0.943593875906528,0.925549915397631,0.853131749460043,0.954393432654303,0.566467065868265,0.772563176895307,0.73838630806846,0.753554502369668,0.744075829383887,0.677871148459384,0.76842105263158,0.73370319001387,0.814407814407815,0.814634146341463,0.710730948678071,0.736131934032984,0.682926829268293,0.754257907542579,0.75875486381323,0.951367781155016,0.592105263157895,0.756363636363636,0.921417565485362,0.914624505928854,0.976630963972736,0.960591133004926,0.951048951048951,0.809090909090909,0.763440860215054,0.792890262751159,0.768518518518519,0.777520278099653,0.729257641921397,0.787234042553192,0.960199004975124,0.959969207082371,0.684418145956607,0.80983606557377,0.860709592641261,0.955161139654367,0.873205741626794,0.955521472392638,0.971230158730159,0.929797191887675,0.883940620782726,0.880171184022825,0.886462882096071,0.75346687211094,0.854838709677419,0.906509392747925,0.762254901960784,0.843205574912892,0.992822966507177,0.861878453038674,0.940152339499456,0.958868894601542,0.696240601503759,0.749303621169916,0.881593110871906,0.831804281345566,0.907344632768362
"125_5",0.911065149948294,0.746184738955823,0.665788483251788,0.638775510204082,0.873853211009174,0.970577851006237,0.880398671096345,0,0.610406937958639,0.7079754601227,0.939627488760437,0.848303393213573,0.920870425321464,0.795724465558195,0.956692913385827,0.986083499005964,0.890948745910578,0.955436720142603,0.87407596227377,0.93676603432701,0.761256544502618,0.971652003910068,0.891410769915442,0.719088531938738,0.829078801331853,0.941798941798941,0.888030888030888,0.871886120996441,0.648627450980392,0.761316872427984,0.934323690383112,0.909509202453988,0.998271204754187,0.874476987447699,0.941176470588235,0.907019143117593,0.968911917098445,0.771739130434782,0.906581740976645,0.942955920484011,0.906818181818182,0.971857410881801,0.96687898089172,0.837940896091516,0.972093023255814,0.87962962962963,0.997883597883598,0.923309788092836,0.945378151260504,0.956190476190476,0.971631205673759,0.899313501144165,0.966592427616926,0.952795031055901,0.884140550807217,0.950099800399201,0.886699507389162,0.963673057517659,0.950413223140496,0.765860039241334,0.870320855614973,0.874403815580286,0.769894534995207,0.802181818181818,0.988776655443322,0.975384615384616,0.851936218678816,0.918088737201365,0.952468007312614,0.917211328976035,0.945791726105563,0.9652448657188,0.997385620915033,0.926829268292683,0.95243757431629,0.965725806451613,0.879426644182125,0.904404873477038,0.871009771986971,0.911882510013351,0.615333773959022,0.549382716049383,0.877682403433477,0.796511627906977,0.843181818181819,0.928205128205128,0.773015873015873,0.927411652340019,0.557650471356055,0.647610121836926,0.476082004555808,0.908168197196714,0.329041487839771,0.973214285714286,0.964172813487882,0.841379310344828,0.925423728813559,0.946236559139785
"125_6",0.965465465465466,0.849689440993789,0.86631369953673,0.827509293680298,0.951495553759095,0.846987136086662,0.95583596214511,0.610406937958639,0,0.906779661016949,0.932362122788762,0.916488222698073,0.82703488372093,0.835956917978459,0.949312092686459,1,0.934477379095164,0.974445191661062,0.896455223880597,0.96195652173913,0.859090909090909,0.91621733720448,0.780245022970903,0.973044049967127,0.781990521327014,0.967978652434957,0.944325481798715,0.862582781456954,0.628048780487804,0.788401253918495,0.97323600973236,0.860994607549431,0.981033112582781,0.948523845571537,0.970381917381138,0.94391244870041,0.991204925241864,0.770277626565052,0.902137232845894,0.961892247043364,0.797168597168597,0.939902166317261,0.96,0.947666195190947,0.986111111111111,0.965825874694874,0.964885496183207,0.960176991150443,0.995444191343963,0.981625441696113,0.988439306358382,0.969330104923325,0.98258115597783,0.965811965811966,0.954866008462624,0.948792977322604,0.768793430195831,0.979351032448378,0.950471698113208,0.851108764519536,0.868887694787748,0.816389402341343,0.723011363636364,0.702298850574713,0.993630573248408,0.982089552238806,0.969428801287209,0.980707395498392,0.982179575051405,0.982852689010133,0.936210131332083,0.993987975951904,1,0.969174977334542,0.733001658374793,0.989683124539425,0.816587504567044,0.959497206703911,0.863157894736842,0.950995405819296,0.821086261980831,0.869857890800299,0.879722436391673,0.492245835726594,0.955020080321285,0.755223880597015,0.662391681109185,0.808781869688385,0.520642201834862,0.804469273743017,0.803804994054697,0.935086277732128,0.638116846284742,0.958762886597938,0.975646879756469,0.935737704918033,0.952,0.905469277515193
"125_9",0.972222222222222,0.725701943844492,0.871685201026519,0.7821482602118,0.750452079566003,0.995597945707997,0.804794520547945,0.7079754601227,0.906779661016949,0,0.978998384491115,0.920608108108108,0.815028901734104,0.621414913957935,0.75609756097561,0.790393013100437,0.785953177257525,0.805728518057285,0.942286348501665,0.434010152284264,0.80503144654088,0.932831499710481,0.866182572614108,0.867684478371501,0.859106529209622,0.65644171779141,0.863319386331939,0.66412213740458,0.826359832635983,0.918629550321199,0.90625,0.786802030456853,0.981749216645594,0.874411302982732,0.659432387312187,0.737789203084833,0.695364238410596,0.904596704249783,0.915904936014625,0.835322195704057,0.926897844423618,0.938420348058902,0.793991416309013,0.824657534246575,0.894179894179895,0.831192660550458,0.862619808306709,0.87202380952381,0.791469194312796,0.838577291381669,0.882352941176471,0.733333333333333,0.699481865284975,0.761316872427984,0.847411444141689,0.698389458272328,0.89098998887653,0.74702380952381,0.891304347826087,0.859504132231405,0.920135938827528,0.963791267305644,0.897790055248619,0.93939393939394,0.804195804195804,0.832317073170731,0.674418604651162,0.885714285714285,0.858064516129032,0.676126878130217,0.858638743455497,0.993630573248408,0.900908340214698,0.704057279236277,0.927203065134099,0.818722139673105,0.970774476376035,0.820855614973262,0.934210526315789,0.961618257261411,0.830820770519263,0.733537519142419,0.510603588907014,0.875118259224219,0.679144385026739,0.817073170731708,0.91821899136756,0.777472527472528,0.820754716981132,0.882352941176471,0.769539078156313,0.973714285714286,0.770157553290083,0.646447140381283,0.780952380952381,0.854934601664685,0.710247349823322,0.859473023839398
"129_10",0.910791366906474,0.905275779376499,0.954545454545454,0.794725588025659,0.8996138996139,0.884529147982063,0.971342383107089,0.939627488760437,0.932362122788762,0.978998384491115,4.44089209850063e-16,0.188992731048805,0.529986052998605,0.943083003952569,0.945795691452398,0.980405878236529,0.967164179104478,0.988349514563106,0.962724344224574,0.722875816993465,0.480406386066763,0.144592952612393,0.722097378277154,0.961290322580645,0.969788519637462,0.985870263326911,0.990404386566141,0.914691943127962,0.934040047114252,0.963218390804598,0.988249118683901,0.895773016792125,0.991866053979823,0.963741841914431,0.973154362416107,0.975,0.969874476987448,0.902902374670184,0.932461873638344,0.974683544303798,0.869135176261729,0.963734049697784,0.971854304635762,0.966032608695652,0.995994659546061,0.982905982905983,0.93421052631579,0.971711456859971,0.984,0.986422267481331,0.993695823483057,0.981495759444873,0.974261922785769,0.978827361563518,0.96070460704607,0.960701754385965,0.852528945764778,0.981612446958982,0.968072976054732,0.905737704918033,0.934340802501303,0.985722784057109,0.984993178717599,0.954393770856507,0.980213089802131,0.991416309012876,0.976940814757879,0.981566820276498,0.982860909690178,0.97613721103654,0.998220640569395,0.996212121212121,0.989759344598054,0.986218776916452,0.998417721518987,0.980212014134276,0.970661896243292,0.957046979865771,0.944841675178754,0.940074906367041,0.940082644628099,0.975627240143369,0.96309963099631,0.908838243468594,0.966231772831926,0.796852646638055,0.911654774040095,0.882993197278912,0.934517203107658,0.355704697986577,0.906896551724138,0.139646869983949,0.831960461285008,0.984836997725549,0.983965014577259,0.920404295641188,0.891437308868502,0.975308641975309
"129_11",0.94311377245509,0.768277571251549,0.906807666886979,0.773165307635285,0.825946817082998,0.844349199187909,0.970125786163522,0.848303393213573,0.916488222698073,0.920608108108108,0.188992731048805,0,0.534782608695652,0.940545004128819,0.91768953068592,0.973818181818182,0.950233281493001,0.982562038900067,0.924976700838769,0.739837398373984,0.439577039274925,0.211594202898551,0.666666666666667,0.891661195009849,0.929133858267716,0.956087824351297,0.940213523131672,0.879537953795379,0.897810218978102,0.910015649452269,0.962378640776699,0.857740585774059,0.988876529477197,0.948679245283019,0.945609945609945,0.929058663028649,0.954425942156003,0.78598587724063,0.875420875420876,0.961992136304063,0.804577012085369,0.948432055749129,0.956672443674177,0.895627644569816,0.973684210526316,0.923763179237632,0.940639269406393,0.929411764705882,0.969719909159728,0.971811134601832,0.981893004115226,0.942075623491553,0.963693764798737,0.977853492333902,0.919831223628692,0.928519328956966,0.750472589792061,0.964705882352942,0.955294117647059,0.805057955742887,0.88739946380697,0.998770743700061,0.932011331444759,0.926605504587156,0.957142857142857,0.979166666666667,0.934242181234963,0.959935897435898,0.958988380041012,0.93006993006993,1,0.988023952095808,0.94102159031069,0.978319783197832,0.996694214876033,0.92799412196914,0.964976286026997,0.910863509749304,0.759453781512605,0.814220183486238,0.878852284803401,0.874720357941835,0.918524212144504,0.810888252148997,0.921537229783827,0.825892857142857,0.842159916926272,0.826271186440678,0.893592677345538,0.342618384401114,0.778173190984579,0.269073010664479,0.737408036219581,0.977865612648221,0.977238239757208,0.873119686069327,0.843700159489633,0.983838383838384
"129_5",0.867298578199053,0.616755793226381,0.764009471191792,0.661610268378063,0.751668891855808,0.810843085741581,0.894871794871795,0.920870425321464,0.82703488372093,0.815028901734104,0.529986052998605,0.534782608695652,8.88178419700125e-16,0.808066759388039,0.762597984322509,0.909399773499433,0.906801007556675,0.945945945945946,0.94,0.782520325203252,0.733173076923077,0.561102444097764,0.501883239171374,0.886452623335943,0.912596401028278,0.956478733926805,0.938663745892661,0.694444444444444,0.796875,0.951550387596899,0.948096885813148,0.674851820491109,0.976287594496112,0.913565426170468,0.884276729559748,0.850102669404518,0.815100154083205,0.828020756115642,0.784496124031008,0.899419729206963,0.733882837798057,0.84729586426299,0.933534743202417,0.876889848812096,0.945378151260505,0.900134952766532,0.89294403892944,0.857142857142857,0.898673100120627,0.930960086299892,0.92807745504841,0.930758988015978,0.850322580645161,0.850439882697947,0.881720430107526,0.790671217292378,0.6,0.88479262672811,0.870860927152318,0.758179231863442,0.91551347414421,0.99295154185022,0.895652173913043,0.856230031948882,0.888020833333333,0.936619718309859,0.965562913907285,0.904761904761904,0.927909371781668,0.874213836477987,0.972318339100346,1,0.930348258706468,0.91869918699187,0.952646239554317,0.875719217491369,0.943085815918185,0.90042372881356,0.824362606232294,0.940677966101695,0.866187050359712,0.931684334511189,0.854140914709518,0.762170790103751,0.817701453104359,0.530516431924882,0.810596579057155,0.603896103896103,0.86624203821656,0.644067796610169,0.750418760469011,0.658787255909558,0.789803921568627,0.886157826649419,0.893462469733656,0.778206364513018,0.855643044619423,0.85901309164149
"157_2",0.952592592592593,0.853095487932844,0.941649048625793,0.633720930232558,0.810344827586208,0.905179768433882,0.813420621931261,0.795724465558195,0.835956917978459,0.621414913957935,0.943083003952569,0.940545004128819,0.808066759388039,0,0.657458563535911,0.736694677871149,0.7056,0.848192771084336,0.897548884604792,0.771779141104294,0.788838612368024,0.931584948688712,0.827109974424552,0.911111111111111,0.848932676518884,0.824228028503563,0.870967741935484,0.651542649727768,0.825025432349949,0.850131926121372,0.740628166160081,0.697628458498023,0.96344274892963,0.668674698795181,0.718849840255591,0.701863354037267,0.779166666666666,0.971186440677966,0.728813559322034,0.768786127167631,0.835811648079306,0.847545219638243,0.797160243407708,0.865257595772787,0.810983397190293,0.881118881118881,0.684532924961716,0.805436337625179,0.842424242424242,0.799472295514512,0.823104693140794,0.872852233676976,0.745874587458745,0.762183235867447,0.734559789750328,0.673239436619718,0.691144708423326,0.759656652360514,0.703561116458133,0.835084882780921,0.946843853820598,0.962732919254659,0.960053262316911,0.937211449676823,0.829716193656093,0.777452415812592,0.860068259385665,0.761499148211244,0.758104738154613,0.798722044728434,0.872860635696822,0.953079178885631,0.920840064620355,0.771300448430493,0.941712204007286,0.742857142857143,0.944230769230769,0.739354838709677,0.917940466613034,0.976470588235294,0.844389844389844,0.761764705882353,0.71875,0.929889298892989,0.80952380952381,0.759882869692532,0.904847396768402,0.796026490066225,0.896964121435142,0.785806451612904,0.884878048780488,0.959482273494654,0.802893309222424,0.827814569536423,0.859969558599696,0.910138248847926,0.834738617200675,0.900485436893204
"157_3",0.872791519434629,0.895297249334516,0.873178416699488,0.684454756380511,0.702917771883289,0.96109320921351,0.814012738853503,0.956692913385827,0.949312092686459,0.75609756097561,0.945795691452398,0.91768953068592,0.762597984322509,0.657458563535911,-4.44089209850063e-16,0.671171171171172,0.622027534418021,0.902390438247012,0.848620236530881,0.826086956521739,0.911589008363202,0.859958506224066,0.831845937059653,0.989839781164518,0.910600255427842,0.866141732283464,0.978213507625272,0.735172413793104,0.894554883318928,0.853069115514742,0.584840654608096,0.489038785834738,0.870813397129186,0.646778042959427,0.665,0.615934627170582,0.666666666666667,0.840472673559822,0.501158301158301,0.622714148219441,0.777777777777778,0.763713080168776,0.799100449775113,0.864661654135338,0.696969696969697,0.844504021447722,0.54776299879081,0.786941580756013,0.892086330935251,0.772532188841202,0.815934065934066,0.902116402116403,0.697435897435898,0.685589519650655,0.56577540106952,0.653846153846154,0.774545454545455,0.65864833906071,0.520197856553998,0.66690290574061,0.718432510885341,0.914035087719298,0.978378378378378,0.936356404136834,0.829236739974127,0.624270711785297,0.802631578947369,0.624178712220762,0.782786885245901,0.787500000000001,0.807890222984563,0.875728155339806,0.937677053824363,0.738709677419354,0.922544951590595,0.622425629290617,0.84117125110914,0.584826132771338,0.926605504587156,0.891028651949272,0.921146953405018,0.976580796252927,0.737100737100737,0.75516693163752,0.797900262467191,0.633605600933488,0.958368026644463,0.797631862217437,0.977795400475813,0.93677555321391,0.918265221017514,0.964120963608406,0.8546875,0.881748071979435,0.850782190132371,0.892514395393474,0.869621903520209,0.93186372745491
"157_4",0.99523241954708,0.937332139659803,0.956504547251878,0.97887323943662,0.594086021505376,0.998566136933923,0.827096774193549,0.986083499005964,1,0.790393013100437,0.980405878236529,0.973818181818182,0.909399773499433,0.736694677871149,0.671171171171172,8.88178419700125e-16,0.460076045627377,0.704225352112676,0.963109354413702,0.720122574055158,0.985489721886336,0.969760166840459,0.928268050967437,0.993723028638682,0.940491591203105,0.723658051689861,0.834801762114537,0.781818181818181,0.945945945945945,0.964060223409422,0.485664639443962,0.751700680272109,0.994668697638995,0.557971014492754,0.508860759493671,0.409700722394221,0.649068322981367,0.973214285714286,0.501945525291829,0.560738581146744,0.948113207547169,0.805970149253731,0.93302891933029,0.813246471226927,0.560718057022175,0.777173913043479,0.559363525091799,0.703360370799536,0.764563106796116,0.691973969631237,0.71866295264624,0.847184986595174,0.644155844155844,0.722304283604136,0.463783783783783,0.613272311212815,0.823853211009174,0.657010428736964,0.419783873649211,0.901498929336188,0.988304093567252,0.992920353982301,1,0.995188452285485,0.520314547837484,0.523022432113341,0.754666666666666,0.5525965379494,0.527950310559006,0.486075949367089,0.87434554973822,1,0.644793152639087,0.790163934426229,0.862552594670407,0.539351851851852,0.999108734402852,0.510117145899893,0.937455579246624,0.960358659745163,0.972563176895307,0.990521327014218,0.73134328358209,0.967948717948718,0.75,0.8913813459268,0.990802675585284,0.730141458106637,0.993605115907274,0.995740149094781,0.952901597981497,0.985574446161773,0.976377952755906,0.776041666666667,0.885505481120584,0.875968992248062,0.722589167767503,0.890688259109312
"157_5",0.965333333333333,0.88715953307393,0.967213114754099,0.876802096985584,0.676335877862596,0.996376811594203,0.661807580174928,0.890948745910578,0.934477379095164,0.785953177257525,0.967164179104478,0.950233281493001,0.906801007556675,0.7056,0.622027534418021,0.460076045627377,-1.33226762955019e-15,0.820994475138122,0.980032379924447,0.777528089887641,0.967479674796748,0.984691088026244,0.947783251231527,0.99349593495935,0.903508771929824,0.816793893129771,0.875457875457875,0.814696485623003,0.918714555765595,0.982741116751269,0.431261770244822,0.740570377184912,0.986552233094626,0.499323410013531,0.557774607703281,0.440909090909091,0.56036036036036,0.901195219123506,0.513377926421404,0.542553191489362,0.94792612776264,0.759717314487632,0.785211267605634,0.653846153846153,0.51981351981352,0.746522411128284,0.387362637362638,0.661498708010335,0.755102040816326,0.551020408163265,0.554848966613672,0.789954337899543,0.491923641703376,0.530612244897958,0.375598086124402,0.691719745222929,0.848151848151848,0.645994832041344,0.438061041292639,0.855182926829269,0.940578577013292,0.976945244956772,0.980629539951574,0.970639032815199,0.667655786350148,0.408970976253299,0.691376701966717,0.432024169184291,0.628278221208666,0.606276747503567,0.801652892561984,0.947115384615385,0.896420411271896,0.719769673704414,0.852564102564103,0.530322580645162,0.940603248259861,0.52,0.946889226100152,0.94679802955665,0.947530864197531,0.984105960264901,0.742657342657342,0.898188093183779,0.812971342383107,0.873350923482849,0.980894485453756,0.706024096385542,0.950086058519794,0.948235294117647,0.896363636363636,0.96976241900648,0.933954276037256,0.652430044182621,0.702185792349726,0.84729586426299,0.82934131736527,0.850945494994438
"157_6",1,0.954582319545823,0.979584120982987,0.96694214876033,0.876744186046511,0.995050088391279,0.865319865319865,0.955436720142603,0.974445191661062,0.805728518057285,0.988349514563106,0.982562038900067,0.945945945945946,0.848192771084336,0.902390438247012,0.704225352112676,0.820994475138122,0,0.980056251598057,0.852054794520548,0.963944856839873,0.976401179941003,0.945413870246085,0.993245778611632,0.9392575928009,0.871657754010695,0.970703125,0.889290012033694,0.901821060965954,0.976091954022989,0.846882399368588,0.879256965944272,0.995134609146935,0.781779661016949,0.682119205298013,0.690322580645161,0.889473684210526,0.927397260273972,0.901498929336188,0.870742358078603,0.972633979475485,0.939278937381404,0.912031047865459,0.888138862102218,0.855126999059266,0.887323943661972,0.882100750267953,0.873340143003065,0.88936170212766,0.865125240847784,0.882494004796163,0.874709976798144,0.832957110609482,0.876418663303909,0.842459173871278,0.511111111111112,0.927031509121061,0.87946884576098,0.872630780894617,0.909030982201714,0.943396226415094,0.972712680577849,0.965082444228904,0.942773294203962,0.463026166097839,0.852544132917965,0.92378752886836,0.886966551326413,0.288354898336414,0.710816777041942,0.941944847605224,1,0.494071146245059,0.895316804407713,0.949336550060314,0.730612244897959,0.982203389830508,0.766824644549764,0.965856861457649,0.96510067114094,0.944037308461025,0.977083333333333,0.878260869565217,0.956011730205278,0.889400921658986,0.912772585669782,0.982456140350877,0.901449275362319,0.95171909290417,0.982938388625592,0.943295019157088,0.962080700048614,0.946608946608946,0.79185520361991,0.91462113127001,0.90418118466899,0.867124856815578,0.947463768115942
"157_8",0.98136315228967,0.926127912741695,0.948218876239442,0.935261342531175,0.966675771647091,0.90802764486975,0.981581798483207,0.87407596227377,0.896455223880597,0.942286348501665,0.962724344224574,0.924976700838769,0.94,0.897548884604792,0.848620236530881,0.963109354413702,0.980032379924447,0.980056251598057,-4.44089209850063e-16,0.969712525667351,0.963141025641026,0.92306101344364,0.88482922954726,0.964141968532748,0.907317073170732,0.965332653581442,0.969150326797385,0.943281938325991,0.845964566929134,0.251607717041802,0.983775811209439,0.940874664060591,0.960655429832386,0.974365821094793,0.973024008632317,0.970149253731343,0.979219320415614,0.80614879136353,0.94859590671109,0.973137354282818,0.90426375019813,0.973022049286641,0.982652490207051,0.962480458572173,0.987577639751553,0.962770325759649,0.987145152651312,0.96984126984127,0.985565356856456,0.989059650950768,0.987345254470426,0.985803985803986,0.985353946297803,0.982192543127435,0.969807391983342,0.976787127407017,0.937609183928126,0.972486772486772,0.980582524271845,0.924038906901343,0.866044340723454,0.889300716580183,0.825156576200418,0.821805955811719,0.979891304347826,0.984059511158343,0.978183801472593,0.976553980370774,0.986093226886428,0.978419206905854,0.979369627507164,0.987726475745178,0.993517017828201,0.981287212928834,0.98236914600551,0.981486379264745,0.872892850222825,0.967842323651452,0.957446808510638,0.948371723590151,0.901906090190609,0.951608614730125,0.953238376780435,0.892917166866747,0.977105478331971,0.939957492029755,0.889998116406103,0.948383733055266,0.877159309021113,0.953319502074689,0.893326838772528,0.952655413750515,0.839980893240984,0.989687924016282,0.986623863028357,0.942263864269435,0.984757757212847,0.986683738796415
"160_10",0.978723404255319,0.819376026272578,0.977946768060837,0.876180482686254,0.737278106508876,0.99409681227863,0.82648401826484,0.93676603432701,0.96195652173913,0.434010152284264,0.722875816993465,0.739837398373984,0.782520325203252,0.771779141104294,0.826086956521739,0.720122574055158,0.777528089887641,0.852054794520548,0.969712525667351,0,0.728448275862069,0.731550272412086,0.888288288288288,0.974339622641509,0.922196796338673,0.441734417344174,0.865213082259663,0.693627450980392,0.947115384615384,0.963888888888889,0.843450479233227,0.855912294440094,0.991776226803008,0.883745963401507,0.699214365881033,0.742056074766355,0.761073825503355,0.94878892733564,0.886002886002886,0.842477876106195,0.96908101918122,0.915303176130895,0.854881266490765,0.788649706457926,0.828244274809161,0.820788530465951,0.808278867102397,0.848547717842323,0.770810810810811,0.863147605083088,0.846153846153846,0.721369539551357,0.791044776119403,0.814910025706941,0.818713450292398,0.702564102564103,0.912678421494542,0.844398340248963,0.857361963190184,0.938748335552597,0.9714091218516,0.993501218521527,0.964566929133858,0.970326409495549,0.768518518518518,0.736286919831224,0.626321974148061,0.838028169014085,0.844423617619494,0.584736251402918,0.813056379821959,1,0.902860944777112,0.777777777777779,0.918918918918919,0.813471502590674,0.99317697228145,0.817307692307692,0.969496021220159,0.968468468468469,0.917900403768506,0.951322751322751,0.507182320441989,0.927353595255745,0.681125439624853,0.854430379746835,0.974328118732451,0.75686274509804,0.964497041420118,0.742307692307692,0.930232558139535,0.737512242899119,0.908096280087527,0.746835443037975,0.865509761388287,0.816416593115622,0.594405594405595,0.858585858585859
"160_11",0.936548223350254,0.844277673545966,0.973365617433414,0.805243445692885,0.913419913419913,0.992546285164703,0.961325966850828,0.761256544502618,0.859090909090909,0.80503144654088,0.480406386066763,0.439577039274925,0.733173076923077,0.788838612368024,0.911589008363202,0.985489721886336,0.967479674796748,0.963944856839873,0.963141025641026,0.728448275862069,4.44089209850063e-16,0.532940546331012,0.859767891682786,0.987189751801441,0.933518005540166,0.972774869109948,0.932322053675613,0.966867469879518,0.872262773722628,0.838645418326694,0.985454545454545,0.969777777777778,0.969559762151546,0.974259974259974,0.975642760487145,0.967320261437908,0.96964586846543,0.928847641144625,0.977309562398704,0.989775051124745,0.986830290332236,0.984216459977452,0.95049504950495,0.970114942528736,0.982142857142857,0.976642335766424,0.93733681462141,0.960591133004926,0.958602846054334,0.963260619977038,0.973013493253374,0.968345323741007,0.95827538247566,0.961661341853035,0.979405034324943,0.948967193195626,0.980750721847931,0.950738916256158,0.961805555555555,0.973333333333333,0.928625664388762,0.948100092678406,0.986111111111111,0.973244147157191,0.985955056179775,0.987437185929648,0.982832618025751,0.96,0.991256830601093,0.978349120433017,0.942528735632184,0.929515418502202,0.99259807549963,0.971377459749553,0.990936555891239,0.96309963099631,0.935248518011855,0.954954954954955,0.578171091445427,0.781431334622825,0.626686656671664,0.745271122320303,0.901726427622842,0.901420217209691,0.945791726105564,0.896984924623115,0.966680905595899,0.970046082949309,0.966666666666667,0.351351351351351,0.959578207381371,0.523809523809524,0.648892534864643,0.9721059972106,0.961038961038961,0.949031600407747,0.881019830028329,0.944503735325507
"160_5",0.959552953698776,0.894297635605007,0.913140935836368,0.850951374207188,0.860986547085201,0.823785737060261,0.986776859504132,0.971652003910068,0.91621733720448,0.932831499710481,0.144592952612393,0.211594202898551,0.561102444097764,0.931584948688712,0.859958506224066,0.969760166840459,0.984691088026244,0.976401179941003,0.92306101344364,0.731550272412086,0.532940546331012,4.44089209850063e-16,0.591009813232036,0.986068542769574,0.947049089906233,0.978494623655914,0.989733059548255,0.892877492877493,0.889346136259717,0.952888028396257,0.991784573254222,0.735559566787004,0.945113788487283,0.965738758029978,0.966120218579235,0.967147834743654,0.951306413301663,0.833053691275168,0.854623655913979,0.94296761720638,0.712093862815885,0.939332659251769,0.981143193871538,0.971443141254462,0.997986914947157,0.994369369369369,0.924609585352719,0.94640042038886,0.987124463519313,0.984709480122324,0.995449374288965,0.973124300111982,0.951381215469613,0.962725684333139,0.958269720101781,0.913270637408569,0.72112676056338,0.939043615344193,0.944716897012929,0.748463744367063,0.917774086378738,0.965898617511521,0.864961636828644,0.897682553563621,0.96228508042152,0.992580816110228,0.996648044692738,0.984366275823562,0.978065802592223,0.956284153005464,0.982641041537508,1,0.987714987714988,0.975757575757576,0.992013690815744,0.968487394957983,0.951887941534714,0.973724103082365,0.919901920719248,0.943019943019943,0.937319587628866,0.988322717622081,0.927331887201736,0.862762237762238,0.950892857142857,0.824059353471118,0.8997668997669,0.862174578866769,0.931907463989524,0.416877210712481,0.938088829071332,0.166051660516605,0.796536796536796,0.978982300884956,0.987103707684041,0.921814671814672,0.908736783528103,0.96646942800789
