"site2","103_2","103_3","103_5","103_8","112_12","112_3","112_8","125_5","125_6","125_9","129_10","129_11","129_5","157_2","157_3","157_4","157_5","157_6","157_8","160_10","160_11","160_5","160_8","165_1","165_4","165_5","165_7","199_3","199_6","199_9","236_2","236_3","236_4","236_5","236_6","236_7","260_1","260_2","260_3","260_4","260_5","260_6","261_1","261_10","261_11","261_12","261_2","261_3","261_4","261_5","261_6","261_7","261_8","261_9","307_1","307_2","307_3","307_5","307_7","357_2","357_3","357_4","357_6","357_9","363_3","363_4","363_5","363_6","363_7","363_8","399_10","399_12","399_3","399_5","399_6","399_7","399_8","399_9","69_10","69_11","69_2","69_6","69_8","81_11","81_15","81_3","81_7","81_9","99_10","99_4","99_6","99_7","99_8","Extra_1","Extra_2","Extra_3","Extra_4","Extra_5"
"103_2",-0.00332305084166995,0.354971601620412,0.399594561793844,0.277712268688357,0.318722564189888,0.587145149278833,0.385888768065177,0.210784844228465,0.303214456808697,0.294248739668576,0.318983191952028,0.332815458928361,0.311698377283444,0.311888050293909,0.371030778499383,0.390259298473087,0.373553483321186,0.334011253899615,0.54601483733555,0.360632772177041,0.214985212389155,0.386942469826392,0.421178158619552,0.360383895860915,0.29783349732119,0.366242445293515,0.299033848041339,0.313796020385961,0.303509047355488,0.442473965748672,0.365343269900772,0.395315220055062,0.736985907261827,0.351428292291385,0.360882055577354,0.40492693979294,0.333916808946858,0.435133329293522,0.363719955523149,0.423640165213068,0.511730858452351,0.428822526840164,0.325485447328767,0.341875670763685,0.406944010893872,0.34055873346964,0.396614220651818,0.375437230460115,0.350001577970357,0.380518027978381,0.360555774325642,0.336677602463459,0.373676537756749,0.362966570037287,0.418942847359393,0.400745200316693,0.337428706867019,0.382468939363476,0.384841129454869,0.38535105091457,0.37198766061243,0.288909058832347,0.272228498557526,0.299050556575042,0.367437630645196,0.374617317106645,0.326596483654062,0.331405367491616,0.371389406931544,0.368734567349171,0.250827042032107,0.763615057956783,0.440859158967599,0.288054586067405,0.386854437582397,0.344516013466495,0.374141803863455,0.372775504528721,0.37928026268307,0.449994799757023,0.405413807786187,0.199107281993375,0.296007999063942,0.378951834919212,0.33186467787658,0.353329856706253,0.501768544424317,0.403774434031846,0.305741871872472,0.216115476905926,0.327452393888055,0.339922791945241,0.290040587719159,0.339039371245189,0.352997924473949,0.370704004855542,0.302401021735237,0.354115799996811
"103_3",0.354971601620412,-0.0031492737195844,0.2102784979042,0.143913130974368,0.130089792095824,0.354047471344388,0.178246874374206,0.191117319401286,0.255588955562496,0.143510876549692,0.321052675002858,0.243031957194419,0.108251960902823,0.178389494931968,0.201430111879388,0.228599295527963,0.193893552724601,0.251019016468613,0.308928057904554,0.192899675026777,0.333390274621364,0.291868153240439,0.18255530211979,0.169103482908552,0.20404462065507,0.230235403378084,0.221005524322231,0.142053357034485,0.166288223438763,0.252769002802878,0.264770114715066,0.198322219700577,0.533516433373886,0.217910361769412,0.201222166584553,0.193985217952284,0.186316860613962,0.182368180803213,0.211506457406188,0.21051498652552,0.252145681678404,0.220717089199669,0.202042465835315,0.199242853529501,0.256555196000468,0.209923268552531,0.220861949776187,0.191584677283984,0.219449732633185,0.208724785409546,0.209916368902709,0.164160416528809,0.175375974739581,0.199196431608778,0.208512041756334,0.184075445037275,0.209136209006129,0.201545820371684,0.247720620755284,0.189574748767497,0.204768241599397,0.381364467123865,0.337642216587392,0.259598721336332,0.202635662489518,0.227159124539658,0.199687969276503,0.20564944835997,0.230233614133566,0.196737388066368,0.318897014585511,0.871548925898769,0.248050159958195,0.226442587287044,0.214525691063101,0.211899787650903,0.265039627844783,0.224939194188401,0.250526598086885,0.276598374613051,0.205556035632547,0.304414770992278,0.167276070390075,0.140717403404762,0.191672458576459,0.153892849246831,0.191680250423742,0.178730029965618,0.180273299939866,0.307560604297148,0.13625694731625,0.302317312876494,0.168253833940515,0.16680971414627,0.164417828386618,0.148536366337071,0.204703642664319,0.208924120199794
"103_5",0.399594561793844,0.2102784979042,-0.00169158814596582,0.194740609665337,0.233130650804639,0.33174853277505,0.210616666859161,0.193783073939538,0.282450660965539,0.223137259992511,0.38562011318386,0.332694965594701,0.185298090892283,0.232569543020313,0.210148552729985,0.266739310165375,0.24262628677053,0.31313475236133,0.287554574742305,0.279961537309156,0.434258600435979,0.330112800391441,0.16332033980938,0.114135130797468,0.275566462863418,0.287364605606089,0.303126412006903,0.222525049992696,0.216250562154247,0.256097269405354,0.32758142174425,0.235616750500975,0.448793650796269,0.257468894081271,0.261938076604606,0.249518973294417,0.261517747156189,0.213349560790417,0.254718956648079,0.272798383846388,0.238058690616459,0.259631469846089,0.270448218869597,0.238853107573306,0.293791767802565,0.258974450932432,0.251462907338531,0.242228546534766,0.284493344401134,0.233905146773089,0.260710570752808,0.22458014456206,0.216701482758245,0.236159563985742,0.265009857543716,0.254841560042501,0.285963268784962,0.233008737603904,0.279105445605099,0.220737197377079,0.232332034712661,0.413343710578077,0.391331943706191,0.327657290733659,0.287080139591112,0.271503375457748,0.26005348449243,0.278559342172086,0.277818035461296,0.262478404541381,0.409182608358684,0.874581529657986,0.293039623857225,0.287478404232323,0.269693851320443,0.282829144397705,0.215573760461103,0.266981790282947,0.270392619830242,0.284709187359721,0.194793892916078,0.338207040950609,0.265045698767231,0.212591179337935,0.228786882028676,0.220266267949833,0.188037428891613,0.234609031183444,0.190352426841384,0.360972796427559,0.117272476280502,0.320337571384514,0.11312790137579,0.238049494919348,0.235829731508026,0.226354158767568,0.275411342129235,0.236208813489617
"103_8",0.277712268688357,0.143913130974368,0.194740609665337,-0.004605030116974,0.168332584620778,0.374287049537022,0.185957291624631,0.138927840533584,0.219400338385235,0.149069434141731,0.245587415583019,0.214076895288112,0.124915030059534,0.113542898427367,0.151878448301743,0.253146399318928,0.207457582695654,0.245137860322176,0.358303734576048,0.212170527997368,0.254001731833378,0.248406474200214,0.175267912454069,0.161695183545642,0.170532279959963,0.244238043908306,0.21654947796743,0.141983975971702,0.182586687346249,0.287387331516883,0.250107593139876,0.155095955026743,0.54033124889337,0.195050315318738,0.22814041038196,0.239465322862113,0.192018557515727,0.246615215790627,0.187104318440653,0.247472291544846,0.247596046844581,0.230938865297888,0.174740362008556,0.199007102501046,0.246321549891457,0.198518561106655,0.200594719226002,0.198286446308363,0.202217886258116,0.210268817768731,0.203553304895897,0.171488740646787,0.198358922066368,0.201000789681111,0.228162177846477,0.219369305510695,0.139443194707064,0.231961217089792,0.208950910214698,0.169748935384291,0.241271277845809,0.312143951825424,0.318616656081153,0.244681190696989,0.241155790172225,0.233432813056976,0.199712939319229,0.197958126583642,0.216006235875455,0.216188855648968,0.236209829023876,0.812730778195129,0.30112725074709,0.174011884679365,0.241890348125298,0.227919228848781,0.225389715534816,0.219138407640453,0.233934514765615,0.318846417933988,0.23540596975955,0.209195335010325,0.161276717923805,0.213246995442402,0.17565741770433,0.13022278363142,0.278925370382539,0.195819246949046,0.157327103027788,0.207510505210965,0.138662530157344,0.266271655873873,0.153273871549431,0.182656934925494,0.165109479998797,0.185785794056238,0.200471387562093,0.192973308828191
"112_12",0.318722564189887,0.130089792095824,0.233130650804639,0.168332584620778,-0.00240411388607242,0.389720150761358,0.122232079916298,0.175334543706282,0.250376184337175,0.109970324776722,0.29810014397851,0.243854625844388,0.134623995544441,0.115914087205049,0.123771622805483,0.102675638008333,0.101232718969637,0.18837219861457,0.320594653807755,0.137722750765927,0.305511060806745,0.272866849243877,0.212598391413764,0.221549004563356,0.177825523203249,0.139423438436713,0.196150006873363,0.105121248921326,0.179634155302237,0.257863144000015,0.158598251063114,0.150017133994425,0.544884664524423,0.108054768110576,0.0805703750812596,0.110461023683168,0.0948211002055088,0.192291159182663,0.133124058582934,0.154968992275343,0.269196838472931,0.162114661553956,0.131572632825455,0.123528142611319,0.153838536102077,0.121092947614727,0.134081532569,0.131982885232568,0.146916319604633,0.1281969781565,0.137113702643788,0.118587311298896,0.110700947756464,0.114800694280202,0.117749030958339,0.106071935004642,0.171465846421157,0.115411621281713,0.136225125256793,0.152022654713365,0.213971753553686,0.361410175707388,0.329753910985574,0.274855386895009,0.0942034508468774,0.123504588831381,0.10944083818099,0.101350137467606,0.110472598848861,0.0906475078996385,0.237932957400408,0.860118173861853,0.181197000716177,0.124337709385862,0.13581515601099,0.127087408915565,0.258698534418348,0.130579638565281,0.236105601153068,0.266132267220262,0.224580617812145,0.298456960774438,0.1390683881324,0.140238478544584,0.103836795897772,0.136470050360488,0.268909664724121,0.13455931757956,0.215361749841257,0.274136468001215,0.162399991187781,0.270721200659155,0.171835835032714,0.125540256017335,0.152539436047134,0.150705847630708,0.108825251614798,0.187291769829656
"112_3",0.587145149278833,0.354047471344388,0.33174853277505,0.374287049537022,0.389720150761358,-0.00167176746132691,0.350872811310458,0.466070513156733,0.399501275991746,0.426656781529366,0.498352253139444,0.435447141459494,0.339733328762336,0.349505545384721,0.361390419289002,0.386088188345191,0.375444429484766,0.464859719919515,0.295783578632276,0.397094800208732,0.581255705366924,0.420958562044944,0.169055750427171,0.412355991699441,0.431864812695283,0.406562466072536,0.458404781513238,0.341935472242917,0.391401570968506,0.352592900501353,0.433627454059727,0.263786384933328,0.421803582448357,0.38670980250575,0.388276036738828,0.364837831421923,0.424232641067887,0.327840027743002,0.327628076748593,0.342890020270314,0.0799191385147835,0.319681242026806,0.402591081467344,0.381571138527927,0.387289887452605,0.404072980843853,0.369422549358291,0.370908482444393,0.417983673095702,0.387578334078374,0.404225654008882,0.412282655452534,0.370464282693932,0.395862236037716,0.345824201775733,0.362417690790743,0.285252644046438,0.343082446627188,0.375750357834193,0.289476853418169,0.379966474101092,0.576633596312838,0.581209504778927,0.462507112369567,0.416571972835319,0.39592243929687,0.388459093538237,0.434984330076728,0.4113483232432,0.40142669755966,0.563795896354246,0.926623814739833,0.406598025069649,0.451106717782737,0.395351297234209,0.416694756475851,0.405764092602066,0.368461741780349,0.36327412530228,0.349782354016357,0.321268044989018,0.579195519041295,0.389992804058009,0.371320516393724,0.405312758257393,0.308598169473971,0.241188787518407,0.27383405097076,0.414058180885193,0.489166471800014,0.364173267547382,0.44440382336188,0.349138856589756,0.407232854985164,0.400446131201891,0.361423227474475,0.436531618951838,0.421907384874872
"112_8",0.385888768065177,0.178246874374206,0.210616666859161,0.185957291624631,0.122232079916298,0.350872811310458,-0.00105356838665971,0.226945976443102,0.294466901074414,0.152620391481885,0.376927036056372,0.328837671797376,0.192473013079922,0.12591772868747,0.133917137808991,0.138746862315222,0.0865784319995444,0.22158645142562,0.267700960337658,0.165772688367687,0.386652452578245,0.351519855324413,0.249846823620825,0.203644407145177,0.210514759420577,0.159542131944559,0.222299144918624,0.15223426853855,0.213255669901894,0.242436092250147,0.188370388505994,0.15325823326701,0.476797913673627,0.13194305140972,0.134040349710718,0.123283327394995,0.139332173606376,0.185191328012511,0.190281473655074,0.1471921403434,0.253767588171172,0.0920340855993611,0.124147457554542,0.126400402718842,0.149147670581425,0.125784474709747,0.104697294315616,0.123687047062253,0.139365765992485,0.124301945740909,0.132942705450173,0.117017812597338,0.106538941170026,0.104789218479758,0.104820474823262,0.113612751554734,0.253090257193288,0.0669118500001806,0.154041795897837,0.185678088234558,0.200632402020981,0.422122051592026,0.404948534757618,0.328892095009652,0.136898328211902,0.125408245117332,0.132275379010472,0.148123350870145,0.148426063307399,0.125000574137099,0.298572810775907,0.884898418966988,0.201000176258318,0.144487365380537,0.130930581691654,0.156878642498737,0.265689751666694,0.169866998603076,0.258019766117015,0.258968638007951,0.199795971761552,0.340038508880058,0.187588016747983,0.182980855485691,0.129917504062016,0.172914786102372,0.205265462257022,0.123174580726645,0.21036549977989,0.360593499792943,0.153414062780255,0.298469749640477,0.190836585341292,0.12806385765833,0.125563786630759,0.163621641452685,0.175438210358366,0.206946315718697
"125_5",0.210784844228465,0.191117319401286,0.193783073939538,0.138927840533584,0.175334543706282,0.466070513156733,0.226945976443102,-0.00104052500504181,0.150784468056898,0.135968242746398,0.291562482988325,0.251191985466783,0.211955445301344,0.174274595229429,0.260466168054463,0.272776835762855,0.233354998171011,0.241078140068073,0.385449982150836,0.252009707562877,0.199064804828906,0.30863378137881,0.254842236897027,0.177700184914611,0.182646834215717,0.257296925024632,0.206019904238265,0.189510936355109,0.124925803957089,0.268109538458669,0.267802683262647,0.257816256417691,0.634031312701145,0.207131497587278,0.238108465589194,0.256893257730753,0.221108394489314,0.242509510428702,0.232712889183788,0.292861127849305,0.34870728905982,0.29484174813456,0.220314079290298,0.194124344493683,0.295826322361919,0.203011390016118,0.26951465414387,0.235591894495634,0.236927078489217,0.242257905080515,0.236342970404943,0.192699989063792,0.230625564412552,0.21898149055976,0.265994981008074,0.264063504864481,0.22647829899037,0.246958835758783,0.280367508653673,0.203882362775894,0.226286436032985,0.256620064753611,0.210236698981181,0.189282668111759,0.256765267814948,0.264573041308301,0.198786485306923,0.206998423568115,0.241714724562155,0.238156470115838,0.236714302661018,0.81614415755231,0.309676638462479,0.19753676214676,0.25625295443635,0.243773223711874,0.246516461998522,0.246487876237655,0.24799608950997,0.354442658435938,0.209169125491483,0.137670893001714,0.178805662573523,0.22079961423289,0.180287345918601,0.234867063329995,0.320240034492978,0.267754465096824,0.124607280651559,0.160766372883731,0.118096382515854,0.270399302080796,0.0804221909964957,0.220454042104117,0.228110803651292,0.202290925936916,0.19777317760596,0.229468211904083
"125_6",0.303214456808697,0.255588955562496,0.282450660965539,0.219400338385235,0.250376184337175,0.399501275991746,0.294466901074414,0.150784468056898,-0.0013402549467485,0.246165516372796,0.213326098764739,0.202058802989661,0.207545504367689,0.220181044154595,0.296702125491417,0.311135780327675,0.283313260494456,0.292326715430688,0.390133135875391,0.267422952753097,0.231181227450973,0.204204851339049,0.233481674792038,0.299266837431712,0.203425369875067,0.291141961264397,0.268573224751895,0.228884042004146,0.151464649794824,0.274104092606252,0.311910590908596,0.267143952785988,0.618934177116183,0.269702503131802,0.281012861533986,0.297801541737566,0.282480226365209,0.25672210544909,0.262927718920428,0.320125823153319,0.312997676362466,0.31288872901197,0.264503259323746,0.262418440915656,0.321291905964887,0.268553244182629,0.300986224816902,0.280873227513957,0.291266266834729,0.297515285909722,0.291931124255762,0.274108872967472,0.291142256208331,0.273283099382193,0.312309548588223,0.29397279464235,0.204314456535798,0.293341712027045,0.303754509130544,0.249193668650437,0.256389005353119,0.271432828766396,0.237955251008892,0.191182668870707,0.300580361029458,0.305072906098709,0.270479605434788,0.27936297215336,0.296078899873562,0.294936856176975,0.287787809795014,0.845915384421338,0.336915856515918,0.26555586737476,0.224013442100723,0.293417348088707,0.244731376343415,0.288844723750856,0.256812537056615,0.371341856245736,0.277301267288364,0.27674009882423,0.234293152828873,0.146032876586625,0.264704412578312,0.218174547445066,0.288466399740706,0.257847283726574,0.116642335701701,0.181971547663759,0.220410459765881,0.197629704746593,0.163832305841343,0.28090892977311,0.283138172584786,0.272088562395177,0.252487595552356,0.270250457618362
"125_9",0.294248739668576,0.143510876549692,0.223137259992511,0.149069434141731,0.109970324776722,0.426656781529366,0.152620391481885,0.135968242746398,0.246165516372796,-8.90421168229238e-05,0.314365030460429,0.259760638060237,0.153159530889691,0.0957262670165206,0.149734028292793,0.170968875961199,0.152309480465497,0.170184003303061,0.345321171168649,0.0829071212482468,0.267148171784938,0.291816467018589,0.219769497790663,0.192877656834425,0.169964938414031,0.126780874722384,0.172906001530992,0.112861076082415,0.161110513351766,0.267873236215598,0.228124851312866,0.170984942982093,0.560429285081222,0.172329094099398,0.114805236006025,0.158461072556826,0.113416820979046,0.226361083841986,0.203839370222766,0.200693940429471,0.302705899213676,0.229835565241205,0.129162044597008,0.15146628799566,0.219530398539899,0.148605044777495,0.17381080017665,0.173874888448657,0.15678478577573,0.161838784804051,0.165363010580919,0.100568118355004,0.122533154256141,0.126688319680861,0.196217862079362,0.139661274196237,0.2098965475761,0.157166667327832,0.221097678816841,0.185038884036417,0.226506896692225,0.347850195740292,0.316439945341825,0.264569961252546,0.153408551637591,0.166597653253131,0.112102228257931,0.16612684427271,0.170863721046355,0.117146852774416,0.226484893721396,0.849637473986031,0.228471724292199,0.120465878054824,0.18318332942503,0.164626931121163,0.263066794518581,0.18893761358787,0.240069135760789,0.297572590869754,0.200198283904873,0.219902278612228,0.0763038006740664,0.194938694563716,0.114953296411648,0.156903138655611,0.290456562669573,0.165709818798087,0.17103659605667,0.268628059393099,0.13115291827801,0.281493861667941,0.156771105435481,0.10210538851145,0.129943592698774,0.17199478416774,0.115526112521918,0.170580210104462
"129_10",0.318983191952028,0.321052675002858,0.38562011318386,0.245587415583019,0.29810014397851,0.498352253139444,0.376927036056372,0.291562482988325,0.213326098764739,0.314365030460429,-0.00252246297046277,0.0416697462263671,0.176508646195904,0.321822486310916,0.364794340066356,0.35262905733448,0.351429019334532,0.322166951264122,0.495244972976519,0.251846865836372,0.145622159813224,0.0418901066518766,0.285646124205267,0.322957572920151,0.312696434484651,0.349126417601958,0.325935554576429,0.306505211240397,0.319710200502255,0.42421732022779,0.353300611621021,0.343107674149278,0.680787645330294,0.34085613207396,0.339376610203993,0.375505628899747,0.313253824364318,0.377071088373845,0.331141503056146,0.379589467946372,0.422362205858819,0.384602559809157,0.320330445072201,0.34977131827267,0.378609040174992,0.339340689856814,0.341666343981338,0.345517426520656,0.33369628057983,0.350194283031015,0.333779653592001,0.322160186167467,0.342550812588529,0.337134290038382,0.378525692668915,0.359592738103742,0.280728375183787,0.377816774375872,0.348957012554184,0.358462160690061,0.354823797293008,0.363055878038409,0.33798610759743,0.316664645367723,0.333549604293471,0.352781716556453,0.341321532299929,0.317797684564341,0.334646947723983,0.342515608576236,0.316729345597055,0.841766659837351,0.377424966789361,0.310397759922265,0.329912942365932,0.338522153720919,0.371084160406178,0.359706818021293,0.335919633340379,0.438261337350127,0.389068160281589,0.306538822533591,0.311061870685736,0.291335061787068,0.310934675743658,0.280328896255402,0.414395744847964,0.331703890335025,0.25419852964966,0.0997645416412443,0.307920136936828,0.050369190410632,0.302430684200132,0.318808378025483,0.332708946826218,0.334628449823551,0.276746205167467,0.323165966506108
"129_11",0.332815458928361,0.243031957194419,0.332694965594701,0.214076895288112,0.243854625844388,0.435447141459494,0.328837671797376,0.251191985466783,0.202058802989661,0.259760638060237,0.0416697462263671,-0.00423938041095173,0.146043730975044,0.278179511653484,0.312544807945669,0.321199372161041,0.309651912091224,0.299937420337726,0.440806053080721,0.219282651910156,0.135314666575746,0.0479839358099148,0.228140972388355,0.286735070409211,0.272736027868631,0.311577524588827,0.288543403363149,0.26433931397841,0.277622557594678,0.366433074390012,0.319686642665725,0.288982398191516,0.635200357494815,0.307987579185933,0.301087317649114,0.325459077277645,0.282059993730499,0.298594160396636,0.282795930798524,0.342245575653545,0.349661680230467,0.34466711983431,0.286309810453101,0.283253235359189,0.340933748316121,0.285124121677756,0.310445767881389,0.298569652868812,0.30228677544724,0.312294565517349,0.300121892953909,0.280378876410201,0.307351170206505,0.302263862229948,0.329246004286308,0.312923742333785,0.220136039049025,0.324658802259601,0.316632065221681,0.279509718666831,0.306487230771629,0.376382873453486,0.336900315747359,0.301775443559097,0.294285646878619,0.31866886792192,0.296756132689899,0.285296896545326,0.298019829948729,0.293832171176299,0.325195771504008,0.845545087688576,0.334459073139256,0.287466317019248,0.304813380662533,0.290517468372692,0.337289222444176,0.310789786774618,0.233357545980228,0.349492214012162,0.320909484335653,0.282371206394096,0.264484309527942,0.232238769505634,0.273442004301992,0.248045727761635,0.356929722447584,0.276968875876173,0.234093140065108,0.101173139355772,0.244811148533559,0.0661609643646945,0.238832896583671,0.291075740318643,0.302016926774468,0.282512207786355,0.239362298717189,0.301643400718458
"129_5",0.311698377283444,0.108251960902823,0.185298090892283,0.124915030059534,0.134623995544441,0.339733328762336,0.192473013079922,0.211955445301344,0.207545504367689,0.153159530889691,0.176508646195904,0.146043730975044,-0.00263679128002625,0.150805944549748,0.16385263169768,0.209095607545251,0.192515563244624,0.235426520756381,0.329506121313076,0.174900913311141,0.270480887494528,0.164423809650461,0.112531760991647,0.198264089789169,0.195985016879644,0.236128588461661,0.218157758344614,0.119064388088812,0.169253242111597,0.280614285868637,0.248542349957045,0.145319022724254,0.540459177286679,0.195691002144136,0.187137960952779,0.196798130237762,0.158787437627427,0.200796806015108,0.17411361180813,0.215157525862092,0.230683020912626,0.20714638232352,0.185874876398757,0.194596237222001,0.241906724045744,0.190223774378515,0.188564536669327,0.178234830662642,0.205257888141493,0.184807815249521,0.186012849216322,0.172495135198504,0.166292796564015,0.162672299691153,0.209719957742944,0.168624366018344,0.143383881708133,0.198676347354496,0.216398072536707,0.175265861199332,0.224628412566718,0.366941301951747,0.320166102639856,0.248247502234759,0.189511640967046,0.20914578659811,0.210431095298067,0.186573017963592,0.205695334039603,0.194653494150114,0.295221895239431,0.862773617663079,0.239478600474085,0.198440805358503,0.201277939778308,0.189970438192241,0.256400076548812,0.217203472487449,0.206247732048668,0.288411523890192,0.208825913014719,0.298889731251189,0.179456128224955,0.152401461984574,0.157426109224966,0.0886938221546523,0.234361493503083,0.123616375840223,0.18115011753012,0.22486212200772,0.131673776191295,0.181816059083814,0.179477492871328,0.16806714773752,0.172200441522089,0.159715276810736,0.168567425466328,0.163062856676332
"157_2",0.311888050293909,0.178389494931968,0.232569543020313,0.113542898427367,0.115914087205049,0.349505545384721,0.12591772868747,0.174274595229429,0.220181044154595,0.0957262670165206,0.321822486310916,0.278179511653484,0.150805944549748,-0.000514742893476416,0.0984475572872112,0.121485153891149,0.10578618995156,0.189525381584067,0.293171995059707,0.140062067637385,0.289859701762961,0.29442560691688,0.191325832595221,0.21951345208868,0.157998374924525,0.144520053640686,0.190295160790124,0.0972831986155205,0.156018382330158,0.220703847995832,0.159654738623207,0.121239125171923,0.515365134362567,0.0982912719816382,0.106072161107215,0.121942204181184,0.127681431593862,0.217660054863728,0.126510349675631,0.147955952956579,0.236868949620736,0.160236319141448,0.101404602436823,0.141127079666404,0.15022451511403,0.128070162819248,0.100852856407732,0.132300299326433,0.138191665028562,0.129369299962725,0.126952016193512,0.128331248759892,0.113720023743252,0.111791157092101,0.132551528509329,0.106821511925432,0.138808503744487,0.124734692657509,0.136988392456592,0.160100610080156,0.20946078405081,0.337069297993958,0.341165094490026,0.261499319511369,0.148079575088473,0.130785444025457,0.125986335396043,0.12855002251454,0.138576519772815,0.13851121315038,0.228210215552608,0.842600055236603,0.212516129895032,0.120555234280069,0.158986016516453,0.120179946758955,0.220684027204266,0.128507003577801,0.220918903447548,0.279545098352056,0.194192968597747,0.268227591091374,0.115628063186444,0.198490615529609,0.123421791772948,0.129862035656293,0.265318115404889,0.136007379077713,0.202725471417034,0.257311530774071,0.158255952920417,0.282316573674431,0.16286749801421,0.140266948448346,0.135956841263597,0.180183672268453,0.141130543356054,0.170140228444394
"157_3",0.371030778499383,0.201430111879388,0.210148552729985,0.151878448301743,0.123771622805483,0.361390419289002,0.133917137808991,0.260466168054463,0.296702125491417,0.149734028292793,0.364794340066356,0.312544807945669,0.16385263169768,0.0984475572872112,-0.00078395308142909,0.121070425134625,0.106379475160977,0.235629485811556,0.240906668009852,0.168891094885151,0.383929814684542,0.290453514930298,0.204963832415667,0.254693964926071,0.210120204983277,0.180409060416516,0.244167081606213,0.135420783685015,0.206391822197997,0.216115181993838,0.15211404404436,0.0799103936705607,0.418895112025407,0.108178760870858,0.117901144927677,0.105535628327255,0.131456411565846,0.171660592246567,0.0975398710385076,0.11682516783001,0.202962782604316,0.137798902270087,0.140387200701768,0.171024467695202,0.132500929726875,0.143867389553649,0.0860337399431559,0.136064791212432,0.17108911578259,0.127516882463136,0.142769501742028,0.173187463806248,0.118846479672537,0.118249118945166,0.101832985761994,0.107110017503487,0.194754489568612,0.112745182129415,0.114907819081744,0.11561896204326,0.157604849344904,0.367555476298316,0.397046215697342,0.305925621776737,0.167928454393734,0.111188249967418,0.15973150686323,0.135196673741181,0.160889509847485,0.151708238777135,0.290026499737441,0.848949589088681,0.224440831866257,0.156962559165368,0.177819885580826,0.116911859025467,0.195384040885728,0.10240474473656,0.243900901421269,0.234314334483665,0.205111243838357,0.372628719932849,0.146554506282215,0.157839370487383,0.15146947262928,0.115819500763788,0.25111212303965,0.145333672925495,0.253587531817578,0.356928892877438,0.191964165955276,0.318032763389504,0.195545853637321,0.185050013841099,0.154914058773718,0.198156730511003,0.193146523291247,0.212965968742344
"157_4",0.390259298473087,0.228599295527963,0.266739310165375,0.253146399318928,0.102675638008333,0.386088188345191,0.138746862315222,0.272776835762855,0.311135780327675,0.170968875961199,0.35262905733448,0.321199372161041,0.209095607545251,0.121485153891149,0.121070425134625,-0.000824312876297917,0.0549077532099433,0.157555284703923,0.302896125092733,0.142694343147209,0.408127393780931,0.341124135840098,0.255059612336975,0.25147443217243,0.21090720228778,0.125371646088115,0.201789560998569,0.149071239971391,0.235094686584287,0.274393702026897,0.0945241502458081,0.155394937386678,0.546563279157784,0.0798857825168171,0.0725395235986044,0.0575154066678738,0.114528977524945,0.220222627540871,0.0896083406714159,0.0864205493563148,0.29381554711415,0.137466980202688,0.125864166285514,0.154320192376292,0.0915729738511115,0.129985209186887,0.0716442378454096,0.118095701841622,0.133461890057487,0.107512413644627,0.0927599653248807,0.141664279082416,0.0906114341667845,0.108569965749701,0.0648196920238775,0.0889966479533204,0.209020037046606,0.0908939293042013,0.0770693279974815,0.223850107344341,0.228726749775928,0.394728394228034,0.382171269387252,0.320435722380868,0.0781830490618745,0.0754056933026008,0.120757832157634,0.104463987455059,0.0965171981633377,0.0851894942799802,0.260793364048732,0.888366500353706,0.109714320193103,0.130937977509185,0.124011138944951,0.0764856911833567,0.293952778369205,0.0874458448876845,0.239059285659467,0.276503428086491,0.248456040838804,0.37588016089375,0.150937011996277,0.233178579660078,0.117629906362517,0.188347459341366,0.289273157349274,0.11454419384487,0.261420666439404,0.373322751433119,0.213219755914029,0.317000882691572,0.255169430390319,0.148376765876961,0.159612299394249,0.192855711496242,0.142277204653395,0.192966015144551
"157_5",0.373553483321186,0.193893552724601,0.24262628677053,0.207457582695654,0.101232718969637,0.375444429484766,0.0865784319995444,0.233354998171011,0.283313260494456,0.152309480465497,0.351429019334533,0.309651912091224,0.192515563244624,0.10578618995156,0.106379475160977,0.0549077532099433,-0.00261461223811876,0.189082138071031,0.288666442043881,0.145286282007303,0.38638896198679,0.345869239349603,0.256248814565307,0.23519262426958,0.197632063473138,0.144583924950074,0.210288269828209,0.149960980675934,0.214633750427932,0.254993557352424,0.0828256101767948,0.136075101240677,0.525493594068323,0.0728979885495684,0.0734094076927523,0.0571962034135338,0.0894501829153744,0.18682693547064,0.0898380815451834,0.0777198984810634,0.278741418828131,0.118153173232258,0.102146716145924,0.106768070049914,0.0794751895800232,0.114240055790513,0.0494765829809378,0.0948340383238382,0.122657331588796,0.0705674344330887,0.0694269343644536,0.125332702633479,0.0620794834866998,0.0757039423675099,0.0438585326442182,0.0892941847407842,0.214334103801652,0.0720941907577661,0.0727832703103259,0.191038328779713,0.215099823346475,0.399446027617433,0.385097644346003,0.320287855617302,0.0953678487060208,0.0544393830903225,0.108623351219537,0.0737498852879468,0.103557141228108,0.0942738644454935,0.270182076095402,0.882597500470518,0.168568943061682,0.117954941307075,0.118344825827475,0.0782748162312483,0.272895861082699,0.0880732669372608,0.243436404029231,0.261188772013699,0.225805406431938,0.355337341274451,0.151987516889311,0.193798104792235,0.125636267699758,0.176664933991622,0.257052419905367,0.102706057010131,0.230831094993936,0.347289463161661,0.174714853314911,0.300817360672545,0.213306278923769,0.113060449108992,0.110104188359918,0.164443069062479,0.158139469600857,0.186108667028366
"157_6",0.334011253899615,0.251019016468613,0.31313475236133,0.245137860322176,0.18837219861457,0.464859719919515,0.22158645142562,0.241078140068073,0.292326715430688,0.170184003303061,0.322166951264122,0.299937420337726,0.235426520756381,0.189525381584067,0.235629485811556,0.157555284703923,0.189082138071031,-0.00156154354607585,0.397893713714891,0.205680019123695,0.330364925282792,0.328036944506405,0.293059225649506,0.265596774462545,0.222322493380134,0.209230292983568,0.239800979056288,0.206263828528358,0.22889450518454,0.32511419208675,0.200693916687059,0.234696925096244,0.617201034931704,0.173439484632285,0.144776568699154,0.173299783390544,0.176310980203932,0.273819249560491,0.219376617929733,0.233877851695886,0.369740808529618,0.25295168116141,0.185394549893005,0.213675282638658,0.213163075311321,0.192263030105213,0.206041301122382,0.199502080890784,0.19728177700995,0.191939987307539,0.183603770096549,0.184622887817671,0.187741067777495,0.194935011405605,0.215667880813654,0.118748002184044,0.240682360333356,0.22090970122918,0.206506386972531,0.263896168605095,0.267924807843362,0.342294822919691,0.324219103862941,0.278353308891296,0.0868071820365919,0.184593949098168,0.21501713929478,0.18342915249956,0.0492066982492501,0.14451551371523,0.251837769530496,0.859440817481482,0.125189885377302,0.183301005437294,0.212192373433729,0.151226037881803,0.312939674056705,0.191700918608878,0.270721107527358,0.34310646704103,0.290876909347351,0.304992146158485,0.199296663649587,0.263178623755113,0.185108792219195,0.228531317712058,0.35708441792099,0.226570042023768,0.239188470893142,0.315207873762786,0.236125514021917,0.301251667792104,0.26179048101409,0.173572564144797,0.205874906326326,0.228577362908216,0.178232001188369,0.223396341591246
"157_8",0.54601483733555,0.308928057904554,0.287554574742305,0.358303734576048,0.320594653807755,0.295783578632276,0.267700960337658,0.385449982150836,0.390133135875391,0.345321171168649,0.495244972976519,0.440806053080721,0.329506121313076,0.293171995059707,0.240906668009852,0.302896125092733,0.288666442043881,0.397893713714891,-0.000200744052757607,0.333303885784796,0.542592561060429,0.429057796725075,0.291581514825916,0.340307709306066,0.334017812052838,0.338982692701625,0.385871115984069,0.314232013000806,0.284072106802754,0.0745496218058839,0.369218877271428,0.292993023182077,0.396461829071342,0.31301518279207,0.313205863686941,0.282696746760142,0.345049343036103,0.196039517855442,0.323230399381692,0.286674199628282,0.260477134943261,0.184242707815326,0.327936500809153,0.324492388691598,0.289944713624109,0.276935509266269,0.293902623303529,0.251003858605023,0.277803165173887,0.263913229579547,0.273386382353956,0.330118664270256,0.292049193935491,0.306220972001926,0.255381440330053,0.287445476882708,0.393146260257764,0.271343664270923,0.342905823503233,0.28465215645279,0.272619314321778,0.482666423318341,0.481306750886963,0.383551236617354,0.330489256190346,0.316773236852422,0.32602224221447,0.355252577307392,0.351028408209565,0.329770018937147,0.507099007859193,0.920126073149954,0.328783743366018,0.381610227941157,0.309155159421498,0.343153204317335,0.312794198423319,0.302029832409632,0.344722537776748,0.247199627991296,0.25315873619811,0.524675562743831,0.349934786340062,0.269931356577663,0.340871764620449,0.293087826372822,0.213053516811122,0.273985471866162,0.335973258209094,0.50394393885878,0.280181596415433,0.408473584345986,0.275203979357034,0.34179175817677,0.280003052560278,0.303620034009957,0.382436346371346,0.354138846755308
"160_10",0.360632772177041,0.192899675026777,0.279961537309155,0.212170527997368,0.137722750765927,0.397094800208732,0.165772688367687,0.252009707562877,0.267422952753097,0.0829071212482468,0.251846865836372,0.219282651910156,0.174900913311141,0.140062067637385,0.168891094885151,0.142694343147209,0.145286282007303,0.205680019123695,0.333303885784796,-0.00171125539904615,0.291279150598835,0.236594750585131,0.244441456048265,0.260201744396822,0.214061845537236,0.0783336352549384,0.198712676068325,0.131725671708564,0.232445967674705,0.270257657331395,0.199116025642443,0.190152148436078,0.549673343699693,0.179519613127972,0.12137881981638,0.144369272865665,0.147316041166186,0.234854935116806,0.197101546319136,0.182124295816819,0.313074229219549,0.212947870211627,0.155906110169153,0.149955896026814,0.182547210478371,0.151733413300316,0.163965237602851,0.164133802803428,0.159320100241034,0.172103186700209,0.169005567577033,0.132873012576582,0.150869284174316,0.158810646287402,0.171975502127599,0.131128550568216,0.237700105133941,0.165414478339881,0.191476634852096,0.23571975664156,0.256169309842407,0.396288605849789,0.378809389739814,0.313320993254466,0.147801574466516,0.133307430082593,0.0972858571731616,0.173994912053096,0.179736099112635,0.104060118106716,0.254362096729837,0.875719061020583,0.225312505090832,0.158867101158484,0.188402679662708,0.159654788475782,0.290637779170697,0.172582810285587,0.25704307080156,0.286910379485902,0.235983692417342,0.346666531753362,0.0999824035032524,0.214423662032633,0.129509904041377,0.181343477794793,0.287976994632899,0.15285050378107,0.232462003379496,0.266013099268828,0.205078914029471,0.201272604657609,0.219308328119858,0.14320990984933,0.176258944740147,0.179640008885521,0.114690458647236,0.201057651189261
"160_11",0.214985212389155,0.333390274621364,0.434258600435979,0.254001731833378,0.305511060806745,0.581255705366924,0.386652452578245,0.199064804828906,0.231181227450973,0.267148171784938,0.145622159813224,0.135314666575746,0.270480887494528,0.289859701762961,0.383929814684542,0.408127393780931,0.38638896198679,0.330364925282792,0.542592561060429,0.291279150598835,-0.002869644215719,0.201493719984279,0.369242732654864,0.388872620165309,0.299677413232201,0.377151244301895,0.292592656690762,0.338324462936636,0.286309919127832,0.40280260648549,0.375868369427153,0.395218108674739,0.707101500841361,0.357598895028568,0.367658182634629,0.401081925305847,0.338595872215961,0.424980390416762,0.363600844932873,0.432313224419989,0.494851857365889,0.438017950053321,0.334071044396608,0.338504951959775,0.411972475604131,0.33869791346565,0.388658342824923,0.371073240368579,0.339201994104221,0.376173555842404,0.373202929524823,0.334868266631907,0.374284871004583,0.359631761198209,0.418240767709742,0.389831524348039,0.324965646847702,0.380698660151108,0.388318203034656,0.366600882332419,0.379261620506576,0.309405179681154,0.314631774833302,0.314493916540319,0.375458830588173,0.388613066112004,0.345555766078794,0.325191600709978,0.364412083198354,0.362505280929323,0.259075637799035,0.752961077199755,0.447104449895083,0.301526770663054,0.39004274818042,0.351084243408239,0.365735616923162,0.371980941904456,0.239738553507117,0.42891929446614,0.33303350136615,0.186289507691996,0.284940672079098,0.343578477534574,0.33431869676697,0.345306319552922,0.493834349022896,0.410222424254764,0.302451956930025,0.0708749957901591,0.342405595834273,0.188138452296989,0.259585812797817,0.35217811116177,0.362223490215289,0.360432982182349,0.275857237911376,0.343169186999968
"160_5",0.386942469826392,0.291868153240439,0.330112800391441,0.248406474200214,0.272866849243877,0.420958562044944,0.351519855324413,0.30863378137881,0.204204851339049,0.291816467018589,0.0418901066518766,0.0479839358099148,0.164423809650461,0.29442560691688,0.290453514930298,0.341124135840098,0.345869239349603,0.328036944506405,0.429057796725075,0.236594750585131,0.201493719984279,-0.00150634730819332,0.196637127386645,0.321140250005242,0.308238749407715,0.339327996840364,0.343134335147386,0.285081062285238,0.284484162897076,0.380415016981867,0.363600579489015,0.253765861453245,0.57612994649838,0.326573337582272,0.330189806025639,0.354962383851367,0.309170336181718,0.311092840223422,0.292412863180226,0.350514596361436,0.304135635792564,0.353785097720979,0.318503410305196,0.333697365790777,0.372872531837919,0.33040580166895,0.314437227157359,0.325424071243617,0.336009351775205,0.326952665671434,0.332718869708801,0.309995329268854,0.323827636846189,0.319148105536132,0.35653374733488,0.327066899870351,0.225689971786424,0.342039912402846,0.33349973483285,0.256360221231284,0.302902894616657,0.372633786705115,0.338327393531303,0.300427825602879,0.326202106100999,0.342328166904938,0.344144499779663,0.326660277742405,0.329538698510455,0.32641229286672,0.350732620710331,0.84718968339544,0.363575191991905,0.323234629493691,0.317949520811877,0.332673818077775,0.303098963911323,0.345506295705834,0.313586809313568,0.395163087253066,0.343080601614003,0.365785719582335,0.29812653979305,0.243222832667835,0.304314132375735,0.255278963197414,0.360253170654959,0.301920576217137,0.256744687388408,0.147736809519163,0.304463691992802,0.0445035362896495,0.268571317114383,0.317762684462255,0.326879629965518,0.31574031856907,0.284889446367442,0.299231187778967
