"site2","103_2","103_3","103_5","103_8","112_12","112_3","112_8","125_5","125_6","125_9","129_10","129_11","129_5","157_2","157_3","157_4","157_5","157_6","157_8","160_10","160_11","160_5","160_8","165_1","165_4","165_5","165_7","199_3","199_6","199_9","236_2","236_3","236_4","236_5","236_6","236_7","260_1","260_2","260_3","260_4","260_5","260_6","261_1","261_10","261_11","261_12","261_2","261_3","261_4","261_5","261_6","261_7","261_8","261_9","307_1","307_2","307_3","307_5","307_7","357_2","357_3","357_4","357_6","357_9","363_3","363_4","363_5","363_6","363_7","363_8","399_10","399_12","399_3","399_5","399_6","399_7","399_8","399_9","69_10","69_11","69_2","69_6","69_8","81_11","81_15","81_3","81_7","81_9","99_10","99_4","99_6","99_7","99_8","Extra_1","Extra_2","Extra_3","Extra_4","Extra_5"
"103_2",-1.60171325190746e-16,0.883720930232558,0.773210088882559,0.814327223886562,0.947973117238364,0.828992172872776,0.938889568332779,0.829772839392407,0.87652041136502,0.951205629698133,0.795072110732011,0.874893603344259,0.794796567019615,0.90810925137576,0.831992034720627,0.98477962705987,0.929326628883189,1,0.889461145779247,0.958730282372645,0.865887062517099,0.937663745613503,0.91140945727631,0.905105871116971,0.86797875332681,0.955801104972376,0.918512947336871,0.891639350734062,0.887018749986967,0.867076835212177,1,0.960681806260069,0.971675999195919,0.966480446927375,0.973436382669478,1,0.964071856287426,0.91433529695241,0.983983212196724,0.989690721649485,0.96525278322175,0.985872371783777,0.931921477066589,0.94601325576159,1,0.972258554444152,0.953921644725456,0.973874244493608,0.976047904191617,0.955801104972375,0.946560043365107,0.968151589570365,0.978378378378378,0.984695069432425,0.956369105944792,0.967023171105698,0.952167038189001,0.949949789195642,0.906976744186047,0.926829889922383,0.898407364594569,0.934312682388158,0.894633172358415,0.931060825325691,0.981349928173353,0.940566515260757,0.953715054456515,1,1,0.973436382669478,0.954545454545454,0.935295356957417,1,0.956339153042845,1,0.943138222044752,0.862294553140866,0.951896222515585,0.915456028400298,0.749997205709263,0.827195453158287,0.857046118129176,0.968211439407052,0.841495690500727,0.980798150900376,0.879136788274308,0.86676569798032,0.941154118917156,0.881101153062325,0.850422075625299,0.83293212665074,0.824567954988974,0.782124611596385,0.934239108199787,0.895656091042045,0.940974678170032,0.933611805542201,0.931303902518125
"103_3",0.883720930232558,6.40685300762983e-16,0.756658704108222,0.54796701856887,0.71059984264974,0.764800969361427,0.862231909506043,0.701577086906044,0.730296928772623,0.684731429235288,0.786755125639556,0.681005141571124,0.669089781625344,0.80757671805122,0.844038285718327,0.917780468443045,0.842237351351538,0.889076639226155,0.722565914086728,0.763631218901693,0.780497859460596,0.801907323783212,0.664130492582202,0.72184342931415,0.836288392768365,0.854362247988139,0.846146009703441,0.729989595226453,0.68049418382095,0.742373479501586,0.8963221043214,0.820215905036402,0.934014312761476,0.89043270967919,0.859549318915267,0.855128969538345,0.833642643776081,0.726849002535997,0.843909497851924,0.819122884436994,0.747430628747887,0.896512396347154,0.884561202902126,0.795491307536853,0.915222203274415,0.883570662806736,0.913208522406404,0.804136959510823,0.855947441194823,0.918439752885621,0.945490388860042,0.79998501111788,0.863319995798604,0.919427769801463,0.820832090777074,0.81477361814002,0.77666646908787,0.882406731942376,0.815224895454998,0.77288341258399,0.7873559121616,0.929417232533532,0.829432539343816,0.775344473057963,0.88834092507718,0.921247457694146,0.844079748443994,0.887945262224938,0.928511307130689,0.833965103989511,0.903259407283804,0.968031684181229,0.957250852806764,0.886801150192804,0.95369885958916,0.856899047700812,0.797839103475684,0.855843617389527,0.855262116869687,0.853505399168524,0.746463000289879,0.819618780067833,0.720309873704791,0.619920753147903,0.824973513208069,0.746936495973807,0.690335172344073,0.796209596821636,0.777074123348102,0.799989516781703,0.694294098468777,0.869577048139773,0.655439399757476,0.806600592759392,0.801155282119063,0.705531218976458,0.832924526193081,0.874061271488865
"103_5",0.773210088882559,0.756658704108222,-8.0085662595373e-16,0.695448281071527,0.85481601684758,0.87152558916394,0.880015811702785,0.626190303401791,0.736295859993303,0.809244664352826,0.859928823808396,0.792905754520855,0.694631040287525,0.898286108751181,0.791606137279863,0.94430452374429,0.900537592324799,0.934522084157549,0.794454361583071,0.940259646070738,0.926022547004923,0.80981809825594,0.680200312651263,0.599127321925638,0.852006726005918,0.924703282335085,0.874450847197269,0.840309021412318,0.702759967565594,0.866086655685561,0.952332025344763,0.858293199292694,0.8503513870651,0.908069489570025,0.927529088055945,0.896563844504502,0.88208358450229,0.778128235564422,0.842654507639315,0.912621321114828,0.808825086000002,0.96516565932481,0.966941349974038,0.841629752084041,0.989404278837833,0.930791403144953,0.982257882454614,0.886420498800453,0.929142283979033,0.917361688594673,0.953288173698258,0.923743781727813,0.889110747105098,0.918932738969372,0.920766106675392,0.918603894147479,0.846647132106314,0.854033012000076,0.850897543042437,0.800712985964634,0.739825523406786,0.813265182355953,0.677298896040359,0.773672821268553,0.93012047430779,0.97251828066259,0.954341426939552,0.934367340835098,0.942141123567751,0.892686214739279,0.902550507396619,0.888188639144304,0.977186311787072,0.885086319985477,0.972134182700629,0.873839078000837,0.646756509339784,0.913348749950074,0.846828352331625,0.914912635739979,0.767906695318692,0.720904177531422,0.852731342270156,0.770993882357427,0.839313567102684,0.842812954566529,0.748553769561462,0.88014438267289,0.678640062313258,0.801066593424074,0.547127128755995,0.808896108881856,0.504030622252701,0.930676252193159,0.909403051655354,0.880062000550648,0.934959831356513,0.900238717406374
"103_8",0.814327223886562,0.54796701856887,0.695448281071527,6.40685300762983e-16,0.838648013958033,0.762692120004754,0.796880188880811,0.670227361503504,0.714319336521089,0.778891699687734,0.730802354799906,0.719044842924382,0.701128498098248,0.681159925667537,0.754300471205301,0.95709981931055,0.818298513212066,0.900628485095364,0.77020687691273,0.807834606610217,0.732707659420889,0.783257246305357,0.664205912011706,0.742387989129457,0.741343164514457,0.859175406659972,0.855973852830414,0.790930573482717,0.661790204163,0.8174147463435,0.913125753579311,0.70150225883776,0.810529836698785,0.796643031406636,0.923146873925134,0.881856540084389,0.881168483607699,0.788025126161236,0.792516991351418,0.86428355680852,0.641531192691962,0.861681997737211,0.827816046471378,0.846258054655182,0.906579777739317,0.911540309563558,0.837815084555709,0.88297958189884,0.909031414058285,0.861074038041233,0.928195486091079,0.870583878079166,0.879088611866357,0.903095782625844,0.823247614295652,0.83709545773782,0.789940665946889,0.889085397590338,0.767386493837006,0.767253885140408,0.822353342907724,0.951125507729285,0.901197588603048,0.872344314759837,0.963133640552995,0.950136529116117,0.795576793959542,0.909803780508912,0.86373243243584,0.904751139514745,0.814341571453298,0.925403012894947,0.969935293981257,0.827360198151601,0.946222820132844,0.929153065996915,0.779949214457418,0.884155859705464,0.824742130567301,0.882862617518364,0.78210329230764,0.785774848343468,0.759635931178526,0.758992201022976,0.807562587348444,0.698146770393023,0.746566429300089,0.846168888739983,0.778603559687789,0.677701751684559,0.706421732766848,0.778056801942931,0.608793943430542,0.855277425825296,0.78708132199502,0.796158816906752,0.885114053735154,0.777718954753622
"112_12",0.947973117238364,0.71059984264974,0.85481601684758,0.838648013958033,6.40685300762983e-16,0.907718349972598,0.761004919661338,0.891634861913212,0.901773564531193,0.688180862107151,0.833384276687506,0.768951073643729,0.734483607292293,0.781734129855886,0.691965950674809,0.589274477926276,0.68738591212803,0.760824009798776,0.838832632799638,0.647852245008555,0.861313929512797,0.727300016623551,0.768307021625904,0.90706331528703,0.887261251360338,0.727903769159952,0.866676120252404,0.656288182888946,0.845888942509688,0.863942492226309,0.715308410828497,0.703916052988486,0.933659772207202,0.688848315423312,0.51904621145595,0.540328358169942,0.605934275949842,0.832410485077347,0.629938690544888,0.719326330336969,0.69059124989422,0.767307444978952,0.906293287209688,0.690148545477362,0.743139607588137,0.750599433731858,0.807881097009409,0.802767180351068,0.795576793959542,0.76641071856712,0.840551714193421,0.769238462179862,0.730301947068879,0.769544184502696,0.716959712668237,0.605922221645815,0.593203206554342,0.734754838153288,0.595444680417798,0.603873942559794,0.880361476095947,0.988636363636364,0.916326143306528,0.877435028616665,0.634654787715058,0.754354964034862,0.713844725793956,0.692869263803194,0.580371818533024,0.479679607832822,0.860602322380727,0.970168260541844,0.737220286309307,0.760948199938023,0.864875779161528,0.709709198470571,0.895670002438152,0.624297455093269,0.852153579671531,0.869373453321145,0.893058585776794,0.970533075854851,0.749896431373976,0.740361523892682,0.625924148325012,0.777282845325686,0.90168715983069,0.674199822696759,0.932439626640548,0.868478852196128,0.851357641845818,0.826212857430354,0.818459803941394,0.762355981039425,0.871280700665755,0.756631252880946,0.547673208902514,0.873298622813967
"112_3",0.828992172872776,0.764800969361427,0.87152558916394,0.762692120004754,0.907718349972598,0,0.885208599847812,0.877566873389858,0.728435750521415,0.924573516147272,0.747676814869796,0.738088603659399,0.697534185624443,0.820952963360437,0.826451840336926,0.979999543966474,0.928633634885943,0.932079808278351,0.722273155593479,0.913843717984203,0.903659708845622,0.757350382765975,0.522389106919315,0.911210556025506,0.890298075281294,0.947763018528077,0.92744042787309,0.746364508913048,0.763132381740911,0.832814749577816,0.944725375811217,0.729162355569837,0.821934342749433,0.882371783978874,0.90953502584752,0.932566443864072,0.951922508881399,0.736019836451333,0.812076877799075,0.894612943996027,0.583107248655981,0.885815959243758,0.873075978119548,0.909801350575972,0.959044077512114,0.921698302826676,0.91610678034316,0.911929548230877,0.963115558802135,0.961880974583605,0.965504757735575,0.915308339768443,0.909180524314104,0.944338340215646,0.905833811526276,0.936211341597222,0.699232517643451,0.90078989624852,0.853163087282092,0.777119081653306,0.711510781975784,0.913039146874401,0.852123726600872,0.768931326495552,0.95640570638214,0.915889875161352,0.928038991411316,0.959712262758102,0.934418842865359,0.922195455692389,0.944676258233997,1,0.977074404775006,0.915057011038177,0.990692947627826,0.922032043935439,0.789774101549814,0.89804960404934,0.841241529587431,0.821114122388848,0.777769381649484,0.928040522799636,0.854380478273745,0.7340644436215,0.923571604965539,0.608581086417588,0.702997699795792,0.731420950394567,0.747926678857832,0.850771090102351,0.809628603267306,0.78008666994118,0.796538331241059,0.934046556203053,0.922592358839541,0.817266626240973,0.876811594202899,0.88917388032114
"112_8",0.938889568332779,0.862231909506043,0.880015811702785,0.796880188880811,0.761004919661338,0.885208599847812,0,0.870747609440017,0.914940534232428,0.775938383348126,0.913310304063799,0.912055561431512,0.829453547505209,0.792017402197422,0.771894341988362,0.797569654274629,0.6208448620141,0.741510347301259,0.888415272152942,0.768011215654785,0.917695117890559,0.935229707574951,0.887157848003745,0.885650366447866,0.869901060101802,0.755214729619571,0.822942811499013,0.756016097399349,0.874459285058405,0.929965569734154,0.75865306826503,0.713993691563021,0.936385946374629,0.759570233689413,0.772123506160233,0.728290576471936,0.725199769407712,0.874703487913872,0.850759823743571,0.745884501916311,0.823158560907879,0.658071794436791,0.750078376489145,0.703764052625988,0.714226851687926,0.72460643462171,0.66963334966909,0.75972982956756,0.695336902239038,0.717434953494076,0.773395057535548,0.737621249958776,0.725194810413054,0.686160345451989,0.705268817119614,0.754958037060639,0.888057419206567,0.682986504268545,0.702801614358682,0.81378310811087,0.866779931720144,0.965685703430327,0.939291452749619,0.874490869729588,0.795274924596821,0.739417884905719,0.724617280323918,0.741172169286331,0.718787697603503,0.715562280132575,0.738600700049615,0.969396452614994,0.902465838576413,0.675136755144229,0.817603161528608,0.812430793227688,0.906000313402267,0.834628990683271,0.887618150196639,0.914060207174103,0.868946193841994,0.934492624925435,0.849368893275194,0.800488282181072,0.729398479910542,0.79889392802779,0.858840268205942,0.721153882179311,0.845275424219613,0.984976331028534,0.875943652031976,0.86086747171281,0.939178915781888,0.65687072115034,0.685955266316864,0.797327114415186,0.77915192675979,0.787734981607811
"125_5",0.829772839392407,0.701577086906044,0.626190303401791,0.670227361503504,0.891634861913212,0.877566873389858,0.870747609440017,0,0.465621661891696,0.723416991170606,0.826413129905514,0.761149252307214,0.860559769035907,0.820434479510434,0.931444680410479,0.961649832379174,0.87116450456149,0.884864733833059,0.677436837127,0.890099204640738,0.790130236851328,0.907331085894936,0.759722058259418,0.735461221409973,0.827029745573002,0.915843781330251,0.845612403667991,0.791544830090135,0.650583716377901,0.632376049355631,0.893840104706165,0.857356473826996,0.976885496669149,0.852544674069778,0.925014308683036,0.882586234929195,0.963719780189356,0.760833775679748,0.883113869764235,0.88748687559657,0.858830234503123,0.944092743589411,0.916931330068019,0.832205364633812,0.950671909654684,0.901525709215779,0.990697674418605,0.882367728556049,0.914844374016158,0.937374414381685,0.94371087359734,0.898353522969843,0.945790104832123,0.915390351375871,0.896797834579712,0.935541428757689,0.861685008994794,0.937990658067665,0.883280616955883,0.831118932291453,0.815982079746259,0.86776531357587,0.751678038198338,0.794014570490191,0.96359239950836,0.948044021728679,0.854542503886419,0.918453363081303,0.924454816158228,0.919145423521409,0.93164458652319,0.947728397856383,0.986881488084935,0.908569372283785,0.938493720213239,0.933165968022455,0.780253199144018,0.891064680535664,0.789650781925617,0.803158702902158,0.547729306118873,0.625096472575012,0.824500115958177,0.744763172834761,0.817084390682372,0.863295842139009,0.718242532804623,0.887478837280271,0.536804019658926,0.664025849144149,0.476348828124537,0.771478409561085,0.402529572319007,0.926711591956121,0.912389848385887,0.824480750183495,0.91012376452948,0.876184092184863
"125_6",0.87652041136502,0.730296928772623,0.736295859993303,0.714319336521089,0.901773564531193,0.728435750521415,0.914940534232428,0.465621661891696,0,0.840186302495948,0.801292323975932,0.807273278006034,0.766798873822378,0.764878846716353,0.905372483769249,1,0.917023974374816,0.929264825724856,0.688272225849394,0.893996114456616,0.767723363961038,0.802332194589304,0.650597920268688,0.857890904827694,0.749323817652073,0.892193422491156,0.885422084586618,0.782943337589606,0.540392333312127,0.661971609041857,0.911894730110827,0.826633575911949,0.906205512826288,0.866462184199597,0.918849583067111,0.917230380367296,0.970731707317073,0.752805841615511,0.837572930533004,0.910289185377987,0.767987886281183,0.906496389116476,0.906820016692998,0.890589221941014,0.9549993885005,0.945603038083885,0.924801548124006,0.923577686398605,0.984170182937383,0.951920890351686,0.960357687314691,0.913437618452652,0.955792419058638,0.942823883271973,0.916947413430429,0.883814976011818,0.817078517106893,0.951290136878825,0.877573781216444,0.834246880728245,0.774070642927633,0.792619552009577,0.709697017424906,0.716798351176867,0.968137323103003,0.95706889346338,0.932439626640548,0.953774437510816,0.955965222402535,0.953917050691245,0.8843330101209,0.969952662057069,1,0.92853811059626,0.859649437293207,0.958984420310758,0.681108866271357,0.912522215918924,0.81976433002359,0.896140106480707,0.6725424987537,0.810038707123361,0.811524365022016,0.634179000444253,0.912651646973683,0.758584083643424,0.633887893004897,0.826578809153571,0.561017271389387,0.6748727962958,0.645846752971857,0.778228875858946,0.554275817872468,0.957836400817111,0.923063582024719,0.867493833983701,0.903578937424279,0.840893017943778
"125_9",0.951205629698133,0.684731429235288,0.809244664352826,0.778891699687734,0.688180862107151,0.924573516147272,0.775938383348126,0.723416991170606,0.840186302495948,9.61027951144475e-16,0.905263157894737,0.813349128020561,0.778891644223668,0.601561237980084,0.729714400368516,0.753017922615548,0.737096041122023,0.666197590609577,0.731621495994879,0.498919837832361,0.762169741643464,0.800045694058273,0.729330850423945,0.802790668351333,0.80574941487538,0.675544121346241,0.779251892962105,0.641391577320086,0.741516813746153,0.802732143140313,0.786486298593093,0.676307718473533,0.917772229142888,0.774093682563066,0.636828124186599,0.650998115502545,0.67499440833333,0.827614127649516,0.799081334588164,0.763304612302462,0.79432402823224,0.871971979368161,0.80044633096777,0.736364648065537,0.797807607587237,0.7747038464171,0.800587313607541,0.8036364038019,0.738921875706869,0.747646640902448,0.834863940473148,0.736763742046828,0.710885074801431,0.72864576772075,0.771584087214858,0.656007474273018,0.774623891997472,0.751373263513554,0.717313518782384,0.781038848406355,0.845556310356152,0.952330242292189,0.866765087776812,0.917728939651092,0.755761688856011,0.80854612081402,0.716289715316355,0.817431882446938,0.788926207269867,0.673494856270101,0.839161851218591,0.982758620689655,0.822692297973486,0.685875062288095,0.878182291619223,0.740591126565847,0.898911015201354,0.729712048660349,0.856623724312635,0.866579065972598,0.764107764134697,0.802020140398984,0.597267859056345,0.76482576980608,0.668358284145086,0.768217199721272,0.883999317808796,0.751519711134875,0.783203923414419,0.865918290961646,0.734053738357416,0.873919547390564,0.756992148474877,0.68790057196747,0.753180236398778,0.764193491243128,0.691995521316005,0.768416511898507
"129_10",0.795072110732011,0.786755125639556,0.859928823808396,0.730802354799906,0.833384276687506,0.747676814869796,0.913310304063799,0.826413129905514,0.801292323975932,0.905263157894737,0,0.454674034716345,0.533304517776077,0.885763539708904,0.853510488618163,0.93737199735966,0.886312842947965,0.937872306641788,0.798335380707024,0.815676662302962,0.671990124518497,0.47898891911783,0.606936588471269,0.894974075699125,0.906109125242536,0.933611509880796,0.964026907934846,0.845681027464931,0.806417268151966,0.826649239425957,0.936904127856322,0.818628941069331,0.94050015676694,0.892244812901837,0.887906958117422,0.909589422272721,0.893902290541935,0.741647615972076,0.850990574482882,0.904602149164541,0.812179389856759,0.921076655181989,0.914515880091003,0.899552009626469,0.976918021834158,0.948418781374419,0.904252027822727,0.905089228231586,0.912278075904903,0.936002851323103,0.965711230953485,0.93142246190697,0.906651794237671,0.921079090832795,0.895693990862448,0.860991718726356,0.807224025790838,0.925162976683423,0.877551020408163,0.818724493275417,0.810776534248047,0.953714114414499,0.929694092421299,0.860995539743111,0.946821590843531,0.967209283970081,0.925644565416433,0.924194271666076,0.932588476780889,0.902097029650605,0.987179487179487,0.970692686147197,0.963666851466826,0.932239433665799,0.990291262135923,0.902824417087236,0.862580864194206,0.866942186727102,0.849755607974515,0.817378125957208,0.826721665805258,0.943407268058558,0.913071642630312,0.761654886977085,0.880076440270845,0.651807083426276,0.794086792860415,0.800609628349143,0.818538504303353,0.603983081795473,0.746598559367856,0.499662339704883,0.740831516162893,0.930719102541913,0.940499327350549,0.816237454753269,0.852400407174962,0.901970546432414
"129_11",0.874893603344259,0.681005141571124,0.792905754520855,0.719044842924382,0.768951073643729,0.738088603659399,0.912055561431512,0.761149252307214,0.807273278006034,0.813349128020561,0.454674034716345,6.40685300762983e-16,0.579721094054859,0.916223703139331,0.843004880895399,0.926028625843745,0.891042982336756,0.927478413076532,0.723280790574433,0.806715985770558,0.575523043028621,0.465788446298166,0.540586261164579,0.812876688136224,0.841712037371103,0.86357512811148,0.89271815792007,0.816647333003411,0.788174652584577,0.769707386317849,0.90632282117857,0.834748381806812,0.940382425761293,0.897590698034451,0.864116647843214,0.860067269626249,0.888309283159806,0.648341164304948,0.790482688777624,0.904031627127196,0.797065960705315,0.902288449239454,0.896222100077843,0.789555429632794,0.918181818181818,0.859112195517013,0.901728858453258,0.872095611420829,0.908421249288655,0.925381550729242,0.933649289099527,0.870402948019211,0.902532118863186,0.928204199750444,0.862267748556465,0.864488597454632,0.712129233979748,0.930717093766394,0.873503528967524,0.745436117074231,0.770966345532808,0.987730061349693,0.821242036080979,0.814139792518969,0.893729598995373,0.930821450232392,0.882937406919031,0.927968140217167,0.889935226901194,0.862555834812626,1,0.961650838425219,0.881644464701996,0.937734823332942,0.987477784081075,0.860423559096104,0.865086186710234,0.818140443841471,0.709432308216393,0.703225346275987,0.784008771471571,0.789248546313744,0.840290543131679,0.693119487354048,0.807559405972853,0.777300943992949,0.748162767671924,0.751037845824591,0.805262283564588,0.518091086184326,0.696807084391558,0.560726471705505,0.616303319648032,0.936549641488803,0.943729701028195,0.760797156926961,0.767351072621699,0.934050799737183
"129_5",0.794796567019615,0.669089781625344,0.694631040287525,0.701128498098248,0.734483607292293,0.697534185624443,0.829453547505209,0.860559769035907,0.766798873822378,0.778891644223668,0.533304517776077,0.579721094054859,-8.0085662595373e-16,0.805122051748939,0.684343404563507,0.871571023543047,0.842973256840656,0.882314382057018,0.78485461687841,0.751587565372174,0.758798757159419,0.572627802914451,0.524778141351119,0.818629366188385,0.846298022744641,0.910406451436199,0.860659739441705,0.737435750253766,0.721478313574325,0.851763664135751,0.879774475055099,0.721119304462806,0.886152447181943,0.837809227717507,0.807769006841191,0.793918420493938,0.784328559821507,0.720632723488501,0.734549818209595,0.820643524686638,0.709839128079604,0.78380538553831,0.892019345159699,0.778796782676795,0.903402980672444,0.838019284149341,0.819683376896142,0.836592123233813,0.840067972995718,0.847866596065901,0.88239266074,0.919474403990341,0.824066098861155,0.807886245972721,0.840142845248887,0.751042355126531,0.719679356570041,0.839732024531623,0.748359445118244,0.69474734727593,0.838202008952688,0.979834410757336,0.823447171513272,0.795191721298242,0.86467213608652,0.865362552920265,0.914804475963638,0.847465077374618,0.875022026601859,0.823800498229643,0.935483870967742,1,0.89558737053396,0.882678258283585,0.93202608483065,0.834187550196355,0.812013989121462,0.828896015222019,0.723401960339646,0.854504017603001,0.767622016224575,0.940900380711638,0.862101685204476,0.640756918285684,0.783961722949548,0.583554274860388,0.717426020134878,0.658087746053379,0.826133874950298,0.758667697594469,0.681913281248399,0.634926281669311,0.729173826091559,0.818352153763213,0.800112311082447,0.728899881552015,0.795759824531882,0.736609277540353
"157_2",0.90810925137576,0.80757671805122,0.898286108751181,0.681159925667537,0.781734129855886,0.820952963360437,0.792017402197422,0.820434479510434,0.764878846716353,0.601561237980084,0.885763539708904,0.916223703139331,0.805122051748939,-1.60171325190746e-16,0.692729780963434,0.768077487370292,0.741034478130671,0.736923881894685,0.755068391355561,0.693784781973272,0.79409896543306,0.863904912275211,0.7715360826506,0.855858210632264,0.78779820383602,0.776621074350329,0.769546646983818,0.66362559178894,0.733665144333467,0.77579294531492,0.730163111161133,0.617834138001131,0.871383987927658,0.655072735682558,0.699031134052838,0.664859724726073,0.784648076082468,0.920380492391462,0.767412032306016,0.759064797230189,0.720256121859864,0.806464682804892,0.792576611849923,0.804119043140396,0.821380937506724,0.847051967864811,0.743840213047157,0.779376334923848,0.757862361796752,0.762238039902839,0.816775176304016,0.817937813126403,0.729768670205381,0.770722799883387,0.774857004720284,0.642427278639478,0.717634748148118,0.791231613199107,0.630901408355636,0.779015723044881,0.916499249309439,0.919915150120437,0.91553399173875,0.885425538106868,0.78773671654979,0.818883027289528,0.863332922491861,0.806739503927238,0.678697296829472,0.775273040509927,0.856289632493491,0.964336023519837,0.83998885305379,0.7451900700328,0.917951295086039,0.733867807240952,0.88409880714259,0.717760728508081,0.827224623974809,0.932005764893364,0.79712275013758,0.834151866605239,0.70330077556024,0.860916400267333,0.756479812213905,0.779587487639985,0.875872077289401,0.808413380811374,0.876568966547084,0.785695432146575,0.852094415540191,0.847909654883885,0.810801442305743,0.822251837498587,0.822305431850144,0.823673411309682,0.833008360762797,0.823450732168627
"157_3",0.831992034720627,0.844038285718327,0.791606137279863,0.754300471205301,0.691965950674809,0.826451840336926,0.771894341988362,0.931444680410479,0.905372483769249,0.729714400368516,0.853510488618163,0.843004880895399,0.684343404563507,0.692729780963434,-1.60171325190746e-16,0.742407565837659,0.651462961225052,0.818298541659315,0.722159913204676,0.755435108026898,0.81831091558243,0.738628933528331,0.743459599662613,0.9362049979799,0.856203228082765,0.82905895226356,0.936892647022462,0.716661152049949,0.827123035576641,0.831865184318137,0.702192251362881,0.603417744619382,0.713559764895728,0.731137670530715,0.65529287394308,0.70103960747344,0.641397964442768,0.740688497159819,0.619604710134338,0.68130513929599,0.660680006076691,0.702328962252106,0.777069176689451,0.815428754220574,0.795229488649972,0.783555663489351,0.679399865215869,0.760879056096252,0.811171992126447,0.771582512638325,0.775177672776223,0.853824108797266,0.718125132081592,0.622721909306975,0.675586173576039,0.660409165698859,0.700938316463048,0.668866812133313,0.605307534743057,0.644653416667786,0.701331117162039,0.908170241935062,0.934073289051439,0.865809145259154,0.774274475142876,0.716592010425704,0.762827272084563,0.709701771903404,0.745888911255427,0.762878029670946,0.784117629288212,0.925037074771062,0.873384872962696,0.709646587292137,0.872896970893653,0.652275362025115,0.790942602091527,0.647811857025414,0.837318014305886,0.822932394539924,0.835124202467149,0.943089997674329,0.700193904315869,0.703616808564145,0.747127475543306,0.640272993582243,0.905250255381476,0.735689028466959,0.934687696759679,0.890100479683261,0.835231323799985,0.850047070379641,0.801696013127255,0.813617667231757,0.803749073302755,0.823542226391374,0.802751033200552,0.836021559237247
"157_4",0.98477962705987,0.917780468443045,0.94430452374429,0.95709981931055,0.589274477926276,0.979999543966474,0.797569654274629,0.961649832379174,1,0.753017922615548,0.93737199735966,0.926028625843745,0.871571023543047,0.768077487370292,0.742407565837659,0,0.599564309172767,0.665266889226875,0.908898401146169,0.673176391286167,0.958115183246074,0.921656807939131,0.913301305064488,0.951335350668943,0.902480095511748,0.700269130389227,0.865614782831696,0.754453391552225,0.902828099162364,0.944992477339802,0.656234168221149,0.754689942820842,0.967021461404146,0.746330560289244,0.53497075046874,0.494037792282176,0.646825528157216,0.934136252035809,0.661014262853867,0.637765251481819,0.817105703508748,0.771019418289798,0.896995708154506,0.747654330157253,0.684095524158569,0.740512459582554,0.764944018505072,0.721503311043491,0.712373617646679,0.717494293822461,0.745609755735877,0.759979499844528,0.73781030571433,0.738423916494645,0.644808329642415,0.66325596076238,0.674560451741261,0.702389738037926,0.603480771647187,0.849199033613347,0.967755760701539,0.971800470441739,1,0.976343843272819,0.539494254151962,0.695826570933522,0.721942608900505,0.738275659297757,0.565575797900564,0.440372437114932,0.826374222775509,1,0.564299682349554,0.766601422228742,0.813645215987061,0.599095627566749,0.991379310344828,0.609879339855937,0.87031323617166,0.931503276621241,0.941440179687642,0.972100465437039,0.756467670786212,0.924561970634922,0.646772310716618,0.872363493686532,0.960332884900367,0.662698878768533,0.983813271415081,0.979899497487437,0.921001738404869,0.935000495585183,0.968707081871314,0.721456399449181,0.829930352377819,0.772017528618158,0.627310486816242,0.804375137131779
"157_5",0.929326628883189,0.842237351351538,0.900537592324799,0.818298513212066,0.68738591212803,0.928633634885943,0.6208448620141,0.87116450456149,0.917023974374816,0.737096041122023,0.886312842947965,0.891042982336756,0.842973256840656,0.741034478130671,0.651462961225052,0.599564309172767,1.28137060152597e-15,0.678692894823304,0.869607403497091,0.668662132575453,0.906303428690814,0.938681904017613,0.874211164954135,0.954139256740706,0.831612800203476,0.718208237574348,0.847415823410964,0.774313345681748,0.870981360038489,0.936952996446866,0.607366585098765,0.664176313736616,0.963682914849398,0.65229464868785,0.617406785740778,0.545210810193289,0.60578948362468,0.836215957794149,0.686504400888362,0.60024535133278,0.788433877469552,0.699763279640071,0.719352993615667,0.656781569814781,0.645288184989504,0.732177023054007,0.584509108608015,0.699740349005201,0.672384451748908,0.61900910264226,0.630595878604097,0.747644916825631,0.579077030527346,0.580580195570188,0.541018619807741,0.712007372718985,0.697641605537128,0.682982051065682,0.599825248050901,0.786249203864878,0.893863152465848,0.963529831394536,0.936170212765957,0.911933449271475,0.654513435430368,0.603991511924238,0.606518998243526,0.604280622409424,0.603569353509986,0.616237292666417,0.739264379265453,0.942835018302814,0.787378224883463,0.69399627373306,0.842091695730926,0.619154930880568,0.847844118165024,0.661810032225673,0.851071240619974,0.880789248329469,0.856997805322648,0.960571811013282,0.732177985375297,0.828233663965195,0.721443166514639,0.772025126161237,0.931587092676938,0.628383425961223,0.885444388722453,0.926374754859539,0.817508359140656,0.881678041794048,0.889303121247642,0.631202176518252,0.691681764574737,0.768398843298338,0.747255908309472,0.704323644870792
"157_6",1,0.889076639226155,0.934522084157549,0.900628485095364,0.760824009798776,0.932079808278351,0.741510347301259,0.884864733833059,0.929264825724856,0.666197590609577,0.937872306641788,0.927478413076532,0.882314382057018,0.736923881894685,0.818298541659315,0.665266889226875,0.678692894823304,0,0.855882957956582,0.684573118256231,0.903715093688784,0.899595280013629,0.795043728275421,0.937235898595938,0.865178460882453,0.755634568300078,0.903437295561799,0.737042922012492,0.845048968355127,0.91363283027737,0.716405123465848,0.701694049371017,0.970962366656583,0.664468668753336,0.587871689408207,0.617005914800068,0.744416835845993,0.85248224921537,0.824982274588865,0.709688738029811,0.836829638520259,0.825304633564738,0.801034407055149,0.757084059848914,0.759333477776729,0.772567248248948,0.818270792508999,0.769760048097061,0.745714201073886,0.743090099118268,0.779017276397301,0.764162916974618,0.715502182450128,0.749012011766313,0.730975609108364,0.66387177226001,0.735252626809536,0.765301912667267,0.723340096558766,0.764701152990034,0.8455291870431,0.941996042803258,0.94816505784013,0.847023419572236,0.571227638406762,0.729889569390734,0.831921094053109,0.769214716021351,0.523007164487311,0.59375568962487,0.85642211534621,1,0.614190890387382,0.744078657259049,0.856119748838689,0.656608671683567,0.947995700853162,0.678474723069838,0.878405522908262,0.903384374394612,0.847751183447121,0.954604613182584,0.714309376512145,0.918174699702461,0.76631570151739,0.818932070447947,0.950611600223672,0.793590479035418,0.920779982552606,0.962689571354395,0.861708867298368,0.858877108981513,0.90734769565025,0.732812727600403,0.830985915492957,0.794028381717193,0.736325107925441,0.850219645765664
"157_8",0.889461145779247,0.722565914086728,0.794454361583071,0.77020687691273,0.838832632799638,0.722273155593479,0.888415272152942,0.677436837127,0.688272225849394,0.731621495994879,0.798335380707024,0.723280790574433,0.78485461687841,0.755068391355561,0.722159913204676,0.908898401146169,0.869607403497091,0.855882957956582,6.40685300762983e-16,0.809689729283918,0.772297858382927,0.73263237065648,0.609545651614254,0.848377463925064,0.790011719762228,0.834276087012258,0.866827762532472,0.77792843134392,0.655698379147327,0.411834207912812,0.918335940237379,0.795940243608492,0.879875292028142,0.846023076865192,0.85218910617028,0.849826912794258,0.855018674305099,0.632567206880567,0.786818114595321,0.855317848247282,0.763647393680756,0.867987908173098,0.8772312622193,0.822168730001036,0.922698748450508,0.819645311318065,0.905212651660471,0.853069643128471,0.889287674178336,0.921894435201572,0.909027228559545,0.91446623212075,0.894298914893352,0.897199649384764,0.841040117840017,0.865237030455643,0.825166397621078,0.848210748601631,0.851281089160204,0.767872849506126,0.647519750546099,0.770798465836745,0.688789858016306,0.634510526943153,0.866581184304088,0.924585517820199,0.885510381319263,0.868955253750414,0.904068223502084,0.865755968269507,0.9061047261696,0.941476760638086,0.952903186961966,0.892110156165388,0.923292936609723,0.865329811285315,0.733924395084334,0.817987129434676,0.84775166516298,0.801804556181175,0.693171358951347,0.812757265148239,0.777935715364548,0.681701259348867,0.850877758157579,0.768733134318753,0.750200456637467,0.821316544837999,0.724464581343823,0.822414722656716,0.660184929236644,0.80476731454562,0.632403778021277,0.915363606587317,0.903279761881451,0.778640050631793,0.901360703933391,0.888792506963954
"160_10",0.958730282372645,0.763631218901693,0.940259646070738,0.807834606610217,0.647852245008555,0.913843717984203,0.768011215654785,0.890099204640738,0.893996114456616,0.498919837832361,0.815676662302962,0.806715985770558,0.751587565372174,0.693784781973272,0.755435108026898,0.673176391286167,0.668662132575453,0.684573118256231,0.809689729283918,-1.60171325190746e-16,0.708922433838959,0.771299578618225,0.708054814942647,0.889068138270645,0.820202989211881,0.548039713496389,0.792380243644802,0.639523635345745,0.881925431074911,0.888537948981511,0.745325174858021,0.720589073969419,0.960624513901058,0.771503176029104,0.680023560615618,0.616799282928477,0.710739816859952,0.882328594949706,0.747732066790143,0.699949628123274,0.842413425646961,0.844799278078914,0.791168591037524,0.677232128339694,0.716774338088192,0.72424130609651,0.705837838021344,0.753609944054834,0.683396415975033,0.782464831264538,0.777410703744358,0.687438992544141,0.718172857021447,0.705220047023881,0.729585194154276,0.69343011731659,0.788772868650062,0.79756367541639,0.734773050774136,0.818255665878001,0.914792769972384,0.964259854485908,0.936448628086469,0.886179995348659,0.672579229214288,0.745551802523368,0.709308855448504,0.735134269056527,0.755320636368216,0.616310561837395,0.736847994997061,1,0.774165401555705,0.683047431584035,0.876972916640283,0.733798854676006,0.95423452126739,0.704061475193043,0.890834337511083,0.895215118748605,0.808547151022344,0.921286922532165,0.56729193507254,0.830212171115175,0.656304961385089,0.761079173301275,0.890747844726864,0.659413707528163,0.891463163659378,0.783035541225116,0.854119281041405,0.785188443282326,0.867792764731874,0.728741787480758,0.773199152060293,0.692008872061368,0.608346659162401,0.750333842751068
"160_11",0.865887062517099,0.780497859460596,0.926022547004923,0.732707659420889,0.861313929512797,0.903659708845622,0.917695117890559,0.790130236851328,0.767723363961038,0.762169741643464,0.671990124518497,0.575523043028621,0.758798757159419,0.79409896543306,0.81831091558243,0.958115183246074,0.906303428690814,0.903715093688784,0.772297858382927,0.708922433838959,-8.0085662595373e-16,0.599700446091402,0.710709542819063,0.93412355980743,0.83755941088224,0.89133566752794,0.855250622575996,0.902173913043478,0.780426929166055,0.720861908467828,0.941763914530058,0.88366130355595,0.920821501001973,0.913943584621744,0.917937698389804,0.896962990153658,0.92090395480226,0.84501046976617,0.896951167570531,0.957083884793318,0.90901979538805,0.951219512195122,0.884507966985419,0.906331699604059,0.9375,0.933704526991943,0.893245855831647,0.910919775792915,0.89633607036386,0.909067719611253,0.930301161190363,0.906996994488229,0.894209279573893,0.902683026338563,0.933286076105701,0.868329773629554,0.919103143686665,0.897059467725391,0.860615024427194,0.884626642591392,0.841097586493133,0.883988081442513,0.92795624996722,0.911699250014423,0.960624388598714,0.954401627592899,0.941865472961278,0.877212700704862,0.962680179546058,0.928519708971815,0.86447103874763,0.90975898813908,0.96923076923077,0.926558907146763,0.975234960926232,0.870139036324935,0.912163254411187,0.877033122528975,0.679100131253678,0.685823755794565,0.624323404286839,0.771339089268803,0.812458176751806,0.787169902534744,0.903214012001063,0.806449097826625,0.920573568379614,0.929543163307435,0.904723165331951,0.506851092867401,0.868325066477854,0.669127682716844,0.667470307855446,0.911602209944752,0.888414583321702,0.908454378062276,0.825245020866454,0.8553065110062
"160_5",0.937663745613503,0.801907323783212,0.80981809825594,0.783257246305357,0.727300016623551,0.757350382765975,0.935229707574951,0.907331085894936,0.802332194589304,0.800045694058273,0.47898891911783,0.465788446298166,0.572627802914451,0.863904912275211,0.738628933528331,0.921656807939131,0.938681904017613,0.899595280013629,0.73263237065648,0.771299578618225,0.599700446091402,0,0.521076840721259,0.926504017051507,0.882465729117096,0.90578837925107,0.935689139809982,0.812456077920766,0.763984435539218,0.846439247190662,0.947512206738652,0.684851912881726,0.78718179122277,0.889715541259584,0.898516553995581,0.914318538031828,0.862686516669344,0.695869717421683,0.718845507271939,0.884217005261929,0.64082813457664,0.865374853909397,0.931674623553987,0.89372539629854,0.982222222222222,0.965551490805839,0.85306934169036,0.872032787217022,0.92661947840849,0.924568763606072,0.968727372675169,0.892771946950323,0.878029072742734,0.882669071585738,0.904456378604249,0.827915450158853,0.64925966078853,0.853452928094692,0.835530277214187,0.655176264534602,0.765683323278718,0.921237946948066,0.74309708965936,0.761056308189549,0.898511117113806,0.962824320103998,0.972477064220184,0.937576919599367,0.919643956249676,0.882999241211544,0.901456500012363,1,0.966511087616668,0.906225562489182,0.948845444425214,0.886124012027942,0.820770683373926,0.897979473589408,0.817206587406044,0.874406766451054,0.823154914147205,0.936148511927804,0.819344272486281,0.723186608817957,0.846866068647594,0.691934028053616,0.824582390265294,0.792781233102651,0.847584011819463,0.600151335644661,0.840276650213363,0.533666230206805,0.682943242791548,0.921043939475515,0.936529066073561,0.82729359501113,0.872375056302119,0.873217733214257
