"site2","103_2","103_3","103_5","103_8","112_12","112_3","112_8","125_5","125_6","125_9","129_10","129_11","129_5","157_2","157_3","157_4","157_5","157_6","157_8","160_10","160_11","160_5","160_8","165_1","165_4","165_5","165_7","199_3","199_6","199_9","236_2","236_3","236_4","236_5","236_6","236_7","260_1","260_2","260_3","260_4","260_5","260_6","261_1","261_10","261_11","261_12","261_2","261_3","261_4","261_5","261_6","261_7","261_8","261_9","307_1","307_2","307_3","307_5","307_7","357_2","357_3","357_4","357_6","357_9","363_3","363_4","363_5","363_6","363_7","363_8","399_10","399_12","399_3","399_5","399_6","399_7","399_8","399_9","69_10","69_11","69_2","69_6","69_8","81_11","81_15","81_3","81_7","81_9","99_10","99_4","99_6","99_7","99_8","Extra_1","Extra_2","Extra_3","Extra_4","Extra_5"
"103_2",-0.000197509044343125,0.241125061143326,0.200794253704457,0.246396482218297,0.480668008839471,0.220249737056659,0.315301826568039,0.113249601079579,0.158583865525886,0.240605239721832,0.439280336576733,0.349526250876226,0.392589003531281,0.267130236446034,0.326857986522219,0.406581779163879,0.281550577404784,0.415905174018608,0.354835366622897,0.459165025218592,0.268741935383775,0.412698751291926,0.653621296490128,0.414446528050223,0.459667534762367,0.393671604438877,0.282425701956351,0.361733781202815,0.27286832128424,0.296916598462184,0.467860798507119,0.423756128630718,0.276401381399983,0.480235677534503,0.434693203279454,0.439992758562953,0.333417742968201,0.268891193358724,0.396382380516767,0.350703384293732,0.368801714424559,0.320028600623987,0.348497235029495,0.333666467082009,0.436294051412788,0.362830616582077,0.412372034466726,0.40055735732777,0.288240966865587,0.26276833186468,0.375924699686497,0.349066587430317,0.37842269575781,0.402143357841232,0.247892915070401,0.403617463866301,0.389712465837426,0.334614876515708,0.316712433575225,0.444950853032893,0.228193910960178,0.277241069453324,0.187332118812436,0.141784771046363,0.35452650705146,0.375800217603868,0.364943529056774,0.407669053049047,0.381302610510907,0.423734250271844,0.305115205848429,0.276281368468974,0.414568732847396,0.30410985649303,0.355754077447129,0.379059047306127,0.215957171288581,0.485507159169676,0.211378573658778,0.220035044400391,0.210727180430909,0.154969211967216,0.397983429911368,0.298181435454955,0.439138960023836,0.285833371951709,0.224129935447613,0.362318127476282,0.227224121779239,0.463186906674593,0.132769642041107,0.441239170642623,0.203039696342724,0.291324957988958,0.327532425912849,0.317977248236146,0.399467172828584,0.346023044350868
"103_3",0.241125061143327,-0.00322113990683848,0.174980586800732,0.121194512242956,0.280707519908713,0.13824336864029,0.129397909711067,0.200417246886027,0.133768661038502,0.113320332981239,0.244620885612044,0.173788824962632,0.202238386115446,0.13943804091171,0.174412953885759,0.21643122506959,0.149286417275611,0.199991173654508,0.187732824690097,0.23640209060771,0.164007463581155,0.224208986823925,0.468235918649884,0.190763946570244,0.282710331620081,0.195244151575068,0.109322407408667,0.143569174988848,0.1275838782629,0.154578220846817,0.237431507175621,0.171670507327544,0.349698446861052,0.253777873249558,0.228322212212722,0.222243833234797,0.190488377846969,0.15851551239429,0.206682039699676,0.221837095924462,0.190499757060658,0.202499231613031,0.18135702874416,0.170562472091124,0.246706892710147,0.186631996615483,0.22408949563078,0.235595098036569,0.161312533807888,0.136572100956578,0.18907177334371,0.17498483586418,0.200306052515885,0.227603199895835,0.140531702434452,0.207801264107242,0.209984372358143,0.180273246879491,0.149688401734469,0.24410045121226,0.296337867926172,0.322525191236752,0.278221124496777,0.201949117260953,0.195707985857147,0.187775283160795,0.203096103054251,0.214914522351835,0.174641473631685,0.224934087895452,0.181930921231023,0.398601539930822,0.237356599349547,0.164608214058847,0.174813708885285,0.203056147004456,0.277171053073043,0.2916023192689,0.200297361102336,0.204027499793966,0.12421180988602,0.156703331514886,0.196773412299392,0.162584194097739,0.220425856556775,0.135027880925451,0.283758836889522,0.198332102561923,0.0963647717365035,0.333420216170611,0.186561546557814,0.227643352383313,0.11559775898732,0.155681049076277,0.158297167306614,0.128772773843358,0.19068995095028,0.14539551175147
"103_5",0.200794253704457,0.174980586800732,-0.00107150610448725,0.176657810727553,0.379947757379897,0.22792590519675,0.257196430401639,0.212119672989143,0.16239940876152,0.216014231531154,0.366999028988008,0.258400522863955,0.327013913329941,0.231631920319787,0.270075377011657,0.326034181972899,0.232669585901238,0.335916889657438,0.206110243898531,0.390283969102203,0.2563026592451,0.330157309439414,0.584465513620766,0.331967357257662,0.410654417720803,0.325581665705008,0.234073872045324,0.293584508846381,0.238555269834107,0.221275170370767,0.372081065959433,0.335606083815972,0.321096218002624,0.408886327987458,0.355242823767549,0.345768398633928,0.274011664151474,0.259409147534977,0.329046453391319,0.315425002151841,0.295302453049642,0.274812438395584,0.29560333877826,0.275541364293256,0.369650070053564,0.315857518838348,0.335643165691331,0.341143475557057,0.261876237679263,0.247871783089516,0.311867688783543,0.301881294041649,0.31773174348073,0.341759910029237,0.222818016402496,0.329850603494369,0.310276194158009,0.286649138752454,0.258275632244591,0.342841387605848,0.304451540027873,0.238879813269116,0.177772698149568,0.136274413183723,0.282931905148168,0.304321760119952,0.306616070349581,0.33085063598569,0.284907605842954,0.342003548360903,0.265658148507615,0.338361272153854,0.321536599134321,0.258668838099269,0.276804434877399,0.333903697004831,0.183089257475828,0.419021803597074,0.257236604373406,0.252390001332569,0.223066722352633,0.179763177333393,0.336082453518243,0.242017777055393,0.361382529073987,0.232066677189539,0.272568426547043,0.292925216330906,0.241515795273809,0.426450515990375,0.182640942097756,0.390730904811234,0.215696106870875,0.24819248783585,0.265347659506712,0.260743842223728,0.337683797992515,0.282357610390182
"103_8",0.246396482218297,0.121194512242956,0.176657810727553,-0.00113558494427757,0.285006597055744,0.159276456172186,0.157989676818812,0.252239446563864,0.186935785435294,0.118709265855866,0.274720543230579,0.193136516089944,0.218976665091243,0.115401808309459,0.150201856592707,0.255021124759848,0.139521204180112,0.230388265917667,0.188092471264974,0.298438451898149,0.184135381543929,0.228264583664765,0.469330514574462,0.211298253997286,0.253288772795064,0.228919796736345,0.124203592714564,0.191127269794087,0.194386462802036,0.160424827189727,0.267599037231889,0.20110931210031,0.308619632799914,0.31701129189097,0.259596172016843,0.239113894640489,0.187224848532415,0.1812921059869,0.221419785582277,0.24835789005658,0.144167585507652,0.204725485991272,0.187478375542759,0.202476987241939,0.290531486695881,0.229552989034175,0.237254630122758,0.250674143660327,0.171671432296262,0.192837930039823,0.221579166734327,0.215233915033588,0.192764604328988,0.224574008355916,0.126347948540741,0.232626839974822,0.16850786876833,0.201487160925697,0.158658250035754,0.245044981613129,0.317839119698263,0.330855829724434,0.280690698489612,0.210647145750886,0.205295673236723,0.150724724404748,0.204171100805984,0.172305446469674,0.183671914085645,0.245564112767034,0.186335616690352,0.383958307443093,0.255625179690758,0.167518421780972,0.17389907320962,0.243418677064756,0.26163801893601,0.333234920214814,0.226885521714242,0.204991070474819,0.157081840192906,0.167776833945985,0.216260697211611,0.173613957928371,0.259542928459975,0.146511711222399,0.279493597909194,0.180902689912525,0.204800482120449,0.339442894860814,0.211783365722011,0.301432198678249,0.185664522290553,0.189634616379771,0.181814823291978,0.198929867485651,0.260514894419757,0.205349344308979
"112_12",0.480668008839471,0.280707519908713,0.379947757379897,0.285006597055744,0.000319993410605957,0.271829867689203,0.167193000083264,0.443728247408021,0.353728398836983,0.239366386945107,0.115467046552012,0.145564855846067,0.137185471379134,0.208073418666732,0.186849398812306,0.0759196033862248,0.176046979070642,0.1293498283138,0.207383007168387,0.13397541469058,0.26550171244821,0.127174485777922,0.205769084519372,0.142063194620859,0.165767318335152,0.101355747944511,0.197349186332184,0.152595018784057,0.198749285973778,0.201167683110229,0.112692678767446,0.139356365032901,0.550290371560109,0.138881390653079,0.0893181705091433,0.081782115304563,0.17868975123962,0.283867253845175,0.169954411365416,0.24499151384935,0.164348052901297,0.272372293109787,0.133384708991282,0.209158560584826,0.162494392388101,0.180781244609807,0.122080391400423,0.167993703924017,0.274969519568335,0.227776863023079,0.14236822472205,0.194074013875122,0.183197662100941,0.14697942932658,0.250838980406241,0.15126390821116,0.0980297904950724,0.167131593863755,0.18426809104105,0.112866180700163,0.517142442533555,0.448530843157914,0.464200236754857,0.414790345058067,0.111650261183894,0.135962383474251,0.136887237203289,0.154170334304491,0.125806228001214,0.0600027927583089,0.226029009214541,0.584900881557133,0.114967462858149,0.23359496656419,0.153909867561519,0.182134877568116,0.411835190839881,0.17933052157589,0.393399220950005,0.313438732841328,0.249222189429734,0.361078741429407,0.0868857949508028,0.172788397594839,0.0428453381171938,0.162404685262323,0.459151833196783,0.158782921774253,0.313012801899557,0.231186319552832,0.447828461281636,0.166485445418011,0.268598068664907,0.201098149183359,0.1490779695051,0.180616093566579,0.168497335212222,0.199727148416199
"112_3",0.220249737056659,0.13824336864029,0.22792590519675,0.159276456172186,0.271829867689203,-0.00133142075460935,0.118835853040293,0.150812900554234,0.0605242373683783,0.0966077655292605,0.223844221847011,0.122294532970515,0.130536499595298,0.132647384802925,0.189624219248865,0.223219914268381,0.13599229892085,0.241814216575593,0.211008986830813,0.197619955517751,0.134818913482845,0.201911805128199,0.485643242190847,0.263493949374159,0.29635979751127,0.209003745574502,0.188226136617123,0.169153922839181,0.0682351802836481,0.128816042970615,0.254460049445044,0.211983805580465,0.32828880653076,0.260053076290198,0.25110957514635,0.236480645529897,0.180207720270122,0.0411766919947745,0.22494051236477,0.200322737137025,0.184660718289074,0.204807588606803,0.187457406708814,0.205135063051726,0.263033218832811,0.191126545995072,0.23366012529626,0.218768607534344,0.181275509423472,0.125581515171386,0.201577095731328,0.210162280845694,0.199853003121452,0.208891239646769,0.134049230941238,0.244554191741521,0.199611239418586,0.15302029552078,0.187734914709366,0.249358550837394,0.167216729620717,0.307845737894795,0.245319266252582,0.191984518801158,0.199219589261975,0.179908699380204,0.19634217646257,0.223529348932151,0.198314670196364,0.221905104034857,0.17877028942013,0.368100274210096,0.266196518688566,0.155811209177899,0.206115155318246,0.209139900641786,0.250225605753153,0.282825581337689,0.170655001652336,0.105265077811334,0.0395817370946763,0.123407950592135,0.194770686467401,0.104539560732154,0.23146219426736,0.0908407031108256,0.168277757756026,0.166493723416383,0.0640435392927763,0.360029975738642,0.137931605568301,0.214577114444181,0.134429907771594,0.149576220893389,0.114602097874529,0.103184970586664,0.194356873673823,0.130412090479886
"112_8",0.315301826568039,0.129397909711067,0.257196430401639,0.157989676818812,0.167193000083264,0.118835853040293,-0.00250364018482196,0.285837557230977,0.19357652529578,0.105386041980583,0.166208479918402,0.136748355052955,0.0879579944030018,0.0997840488593771,0.126940498629722,0.132434477177067,0.0921419959011491,0.110412047653582,0.186305648115391,0.164786875985136,0.182671759767667,0.147217302786974,0.38895905454127,0.17595549711402,0.222969131164386,0.107457227360454,0.135925338083026,0.105224338271656,0.136068225095725,0.125611499885574,0.163811202845903,0.127879826907147,0.384237791074866,0.19018243543962,0.139446362341676,0.13754343798943,0.0980487771148422,0.167148825696307,0.135223877936089,0.166063803862402,0.12766166159051,0.184950395485953,0.111055469019254,0.133412663242648,0.167121160123834,0.14329538522324,0.134265422329182,0.158419606958477,0.13971987647498,0.117745119705513,0.111708510397251,0.153162883444473,0.133641412652053,0.136794446498971,0.104582154140364,0.149205693967742,0.144141958985792,0.11288405499038,0.118686293568417,0.158943386638861,0.344050667303017,0.324920185702425,0.312376188468305,0.259967722942193,0.127344056295549,0.11907099117455,0.136655048534076,0.167521588842745,0.123314033650191,0.144583361425947,0.144380224920849,0.429478374980224,0.179449737268363,0.121079342403675,0.120866969763347,0.161192503190045,0.269798636623535,0.223313717729207,0.246330379860982,0.18866937118611,0.137171041776462,0.216496856500759,0.101154490791294,0.0778837039339715,0.1349646834004,0.0754139803319018,0.30196395766045,0.119721131317946,0.160962639119789,0.312842066004885,0.270405259586843,0.187587074589809,0.172433962022025,0.120322293714041,0.101168402756372,0.119375443935893,0.157716117769605,0.123276370108619
"125_5",0.113249601079579,0.200417246886027,0.212119672989143,0.252239446563864,0.443728247408021,0.150812900554234,0.285837557230977,-0.000205841926675276,0.0937492607665391,0.197638665505009,0.416513176582617,0.298003554663533,0.354584277513761,0.23264507882147,0.316959323314659,0.370185211172918,0.248391187070726,0.380680798100229,0.324373150841914,0.389794287065293,0.233687838860808,0.404747228540354,0.622110870691695,0.39924343214914,0.440950686197381,0.338436964574238,0.264977743967737,0.321278316724852,0.213598457851557,0.265059124047859,0.429436909693433,0.392963881517716,0.254418513661951,0.43370495579081,0.40460660009517,0.407698660688132,0.308203603008917,0.191684420062415,0.370035966815295,0.322107866996256,0.342752078506785,0.314540609852513,0.305874700576185,0.327551064799879,0.41018801786417,0.34144571858058,0.381069337186618,0.376291504431156,0.271850117028027,0.214313060298735,0.355387161995403,0.325238647638718,0.342175048456635,0.377074161103654,0.219756878800483,0.381139894215202,0.361435474283865,0.300258083979406,0.283984332467104,0.430659856797667,0.121959030635234,0.256926886235628,0.182047928106076,0.154804876418227,0.317431908187827,0.337948355040954,0.322079808447294,0.375792960466839,0.347311669064149,0.386256190784749,0.285648250273687,0.190181498537499,0.369292051814355,0.272351451979273,0.327465918703691,0.347900115087542,0.227056936311902,0.45105615802345,0.190140359708235,0.251565024920962,0.131974180550692,0.0737490907109843,0.366014704884078,0.279016665063441,0.397049659668087,0.260302861854249,0.196346335387005,0.334907260495522,0.127030499056699,0.507068529181155,0.0629360206254568,0.40753953738154,0.113194477525383,0.257122221491761,0.278451174280313,0.261249982691793,0.355356805007697,0.290079478583607
"125_6",0.158583865525886,0.133768661038502,0.16239940876152,0.186935785435294,0.353728398836983,0.0605242373683788,0.19357652529578,0.0937492607665391,-0.00187296258441139,0.127348527653081,0.306539931384241,0.161152982376391,0.229400630506413,0.165509465386555,0.248738455462983,0.297117610484884,0.192827906732438,0.295591539754812,0.206037792804427,0.285454378412212,0.164337262621971,0.287116580835383,0.544147464153298,0.306060025157944,0.365050556594897,0.263810565471472,0.206656892765144,0.208965955780842,0.0893367015628452,0.191577062897975,0.337675120080628,0.268251320164639,0.298349326469235,0.340179380911513,0.327080283907562,0.302909662539193,0.247143039203186,0.0939246117171069,0.299188391221618,0.259624792728292,0.274776927484255,0.244592156843579,0.247619509699502,0.244706663010534,0.339152750176952,0.259078881436234,0.307993030830034,0.309483878603324,0.23080883180473,0.168128081654521,0.27382008427924,0.2656030487239,0.266295588766298,0.28366801866033,0.172827574761395,0.306026485303917,0.265304155835836,0.223232458049415,0.226136949647026,0.313202199367686,0.139085996582786,0.207707472706789,0.143110318024811,0.111854255622623,0.24488649691559,0.245601736601643,0.25143105683829,0.285186969535106,0.260385521428852,0.284995692171641,0.211161912595305,0.301631840373642,0.311011729424947,0.200978458608768,0.249930354482272,0.279335738093244,0.16030919517947,0.362067962334974,0.18600844311943,0.175095026682877,0.0820979632709897,0.0848417751216319,0.271922893955044,0.183657363509683,0.304720473514052,0.164130183889226,0.159579280115509,0.238824766012828,0.0585962134928195,0.388636135336509,0.0860456004750683,0.288250888704653,0.120892399397876,0.177484390178829,0.171138224418761,0.153003848889162,0.261601311680778,0.194107832892746
"125_9",0.240605239721832,0.113320332981239,0.216014231531154,0.118709265855866,0.239366386945107,0.0966077655292601,0.105386041980583,0.197638665505009,0.127348527653081,-0.0021435176100022,0.256965737541529,0.171461195545455,0.188106711993913,0.0762075401824518,0.114554922498224,0.147746190082594,0.106214064108292,0.18205021196204,0.209988090111634,0.167223063698907,0.156686523944815,0.197170543625794,0.46440141576744,0.219213027567158,0.259135419534857,0.185604267933452,0.107532011266298,0.141277634865814,0.130109412677798,0.118788987647302,0.175168291840562,0.175354824760211,0.318550561414876,0.211349715707892,0.160266340678054,0.210682148503375,0.143728779504783,0.111863502495891,0.132415698886193,0.141619688067906,0.152469669510418,0.200100930886761,0.144390145779766,0.0990088433216649,0.189543556594917,0.131988597598091,0.18310926790109,0.175583100839747,0.108062736422662,0.0797992934236236,0.127479241972763,0.137813794239166,0.15903433066332,0.188800663808231,0.103681995982624,0.164052789167014,0.171712145890259,0.111831350187386,0.0944113507886775,0.233525644070276,0.250243662128208,0.310676960992752,0.263909487868342,0.22520912832496,0.173346040100364,0.123541270765743,0.173002702453931,0.174348281784525,0.135161507733126,0.196975983782044,0.156679442159398,0.372439647495883,0.243618990947276,0.0802495068502684,0.164891505435883,0.140013870900122,0.249035930451749,0.248938759824192,0.125900536469314,0.117839120594226,0.0780429110152159,0.155377259334917,0.129754207221404,0.127272250375751,0.176233647953953,0.100207298696211,0.245380133649353,0.119383129699152,0.111115492340685,0.356505971340511,0.175227634642363,0.186729278981504,0.140665660943634,0.137080115257179,0.155832083721246,0.0811664628830495,0.130422871981465,0.105350586763118
"129_10",0.439280336576733,0.244620885612044,0.366999028988008,0.274720543230579,0.115467046552012,0.223844221847011,0.166208479918402,0.416513176582617,0.306539931384241,0.256965737541529,-0.00290573715302678,0.0904129052298221,0.0628820025224024,0.210035872281334,0.177264159364009,0.174871359562431,0.200088658296059,0.190770476740196,0.180273962063202,0.148121089310493,0.235319475990869,0.0739517291210494,0.236012416784127,0.163512094215962,0.154559739838449,0.135613079005894,0.187808047174093,0.174755847920358,0.167415292193817,0.209376565032619,0.176810068667345,0.143224259819997,0.539314972031141,0.177595606269611,0.187684485372178,0.136635246371697,0.22126337123034,0.235226023173726,0.21562621387394,0.293388800288472,0.197673751549838,0.274850626263814,0.172413970871073,0.231530713654678,0.209820108923031,0.200931702562292,0.171987245626211,0.210222732694721,0.303048530441135,0.251857011159736,0.18797334353906,0.192049146289603,0.199486893017053,0.16232174485573,0.277599205022276,0.205702545480263,0.164752579588676,0.211287432410144,0.234723138285641,0.165789928362282,0.479967961680224,0.463743831018023,0.455209082339497,0.38646774075118,0.157958108766103,0.158500048148301,0.156510267203125,0.188341719173513,0.184767088316108,0.124186771897779,0.226927293638694,0.584108761550755,0.198862030562175,0.256009900576465,0.174038225594241,0.228115451374632,0.422158305036895,0.221228758114445,0.401749006464553,0.296046870012115,0.215785882983739,0.33108947913113,0.137198748945842,0.137473161308169,0.117208667650679,0.128886510529657,0.442875794242003,0.191869624149247,0.261640439606229,0.17980798639559,0.39808582706586,0.164078126826745,0.240891453589664,0.217241187783598,0.157644149107583,0.195656278224127,0.197847061421509,0.180366584677526
"129_11",0.349526250876226,0.173788824962632,0.258400522863955,0.193136516089944,0.145564855846067,0.122294532970515,0.136748355052955,0.298003554663533,0.161152982376391,0.171461195545455,0.0904129052298221,0.000496216856381126,0.0757544991675214,0.144752048498408,0.170550252477818,0.159563147076451,0.174661070372096,0.179687954118527,0.0735469679993406,0.130715670272797,0.156071031579165,0.111520206276239,0.328292986671237,0.168340635548189,0.183968176994625,0.123117786350122,0.157688824996873,0.133894427108299,0.060232395031897,0.134335413373724,0.185017773815003,0.14042608003435,0.466813710832657,0.186778979945594,0.183595909485107,0.127354013824575,0.190009603445187,0.136516845021455,0.201474864385408,0.236659021127488,0.17665838479762,0.217522013321281,0.151008171565687,0.185616585279392,0.205101529129473,0.166307694538352,0.173777167433847,0.199516368053466,0.244007586466863,0.188704454595512,0.158302083745049,0.17596783775395,0.172865131500796,0.147010638827916,0.217422061819156,0.200636261918386,0.14850678270824,0.1615086678703,0.179283540717006,0.153078807303448,0.369636408691646,0.387169478063124,0.357498036065782,0.281681209206722,0.130719786713033,0.129012519130936,0.138835193440722,0.159087482740424,0.139329521755098,0.111253871899752,0.172517969635205,0.502905443293258,0.196955085441965,0.203597049248133,0.165547911254756,0.191796533635927,0.343127570484494,0.221315017751325,0.295470572848081,0.220501700366994,0.122129826401114,0.222769768008579,0.122164018090236,0.0898383598464969,0.132613984416941,0.0944641656606993,0.318373132248456,0.131520783761029,0.158989231117765,0.21393817298334,0.273528306849188,0.133506451185408,0.171030743084445,0.165951219638994,0.0965883474077081,0.115337102367257,0.166474748207134,0.140778122375593
"129_5",0.392589003531281,0.202238386115446,0.327013913329941,0.218976665091243,0.137185471379134,0.130536499595298,0.0879579944030018,0.354584277513761,0.229400630506413,0.188106711993913,0.0628820025224024,0.0757544991675214,-0.00102909169074827,0.163058590159168,0.15866155149249,0.153989987677268,0.157989319830729,0.164116550413041,0.164372129264472,0.13126476156671,0.195460118804704,0.0763842686455047,0.30587065530692,0.169792780103422,0.188646675527434,0.132621597954551,0.162172064692907,0.115951349896516,0.113016096857132,0.154161032922028,0.175802684273322,0.122476301474946,0.481631456360093,0.194040927007642,0.182572256319226,0.138393884218464,0.182368754834649,0.175219315507377,0.189581007850641,0.243453686633925,0.161828054565259,0.224260077665453,0.157265025288718,0.197409027240883,0.182663331961642,0.163420761354452,0.160487943103387,0.184261072074902,0.234898049753661,0.192701454852187,0.150737013226937,0.177268014743142,0.162143002447272,0.131295274633928,0.215328808570612,0.207236597291769,0.160986179359679,0.155400548193084,0.187888412437109,0.131073664841708,0.403810556007447,0.410873159850687,0.399410794745202,0.323633469920963,0.150187045134636,0.11120400295117,0.153666475653557,0.128715966816768,0.152187421721079,0.124746514143336,0.179177068336936,0.524309230368737,0.213780697673362,0.201732830188329,0.174765884032057,0.209329794404483,0.363463702541124,0.220278750601587,0.330233380396575,0.227173436560596,0.15287707974372,0.283854550153545,0.105995339263454,0.0597337564201521,0.129964497335731,0.0816177961411435,0.336003423247029,0.12245921285915,0.192693187376783,0.226769553735508,0.333269654657857,0.163352541657023,0.200561663497493,0.157824814601499,0.0864979277060347,0.142943432109461,0.189829544046977,0.140300662293779
"157_2",0.267130236446034,0.13943804091171,0.231631920319787,0.115401808309459,0.208073418666732,0.132647384802925,0.0997840488593771,0.23264507882147,0.165509465386555,0.0762075401824518,0.210035872281334,0.144752048498408,0.163058590159168,-0.0014592422673525,0.0971197724085529,0.145756499323989,0.0925057317351421,0.158955159371926,0.179740929484031,0.200065405172636,0.146421571552888,0.169429519237829,0.394375391417329,0.18926440910664,0.204148374995074,0.141997270070135,0.102851967226393,0.135055017905233,0.124246601374304,0.129417991710156,0.178719924161537,0.161394526633424,0.368228231852243,0.210391459647377,0.169193250651093,0.197884661153074,0.128026783040618,0.144670665469585,0.135344020604579,0.17639592237594,0.130112450654772,0.185562208433359,0.104054687463198,0.136079126552408,0.192890326643044,0.16546450021226,0.158696235061534,0.179226065774928,0.141679720164586,0.11915859415798,0.13276748220354,0.160641433796749,0.137636628855905,0.150475776001807,0.0998941116547218,0.16436987112642,0.159213412740093,0.131040752253963,0.0964346230129745,0.20405921741366,0.316103913907344,0.306399871442777,0.278173187512707,0.223170409679871,0.134364793229334,0.103364981949755,0.1529383764545,0.152388150001934,0.132473720898604,0.175250666531083,0.115518058468273,0.407670493535645,0.190703623171096,0.0988564511121797,0.11769163675164,0.165254383431595,0.248249431707736,0.252760557704159,0.21921581918651,0.192413824350428,0.1265469314312,0.180177966418128,0.131297423604374,0.113998885113437,0.159873392952389,0.113770845619267,0.298932416795707,0.128975672300838,0.163161868938207,0.298310710343631,0.229462226691214,0.204558061710784,0.140585657796624,0.141382766829993,0.148140834611664,0.130128515323831,0.1779902860355,0.156412288143652
"157_3",0.326857986522219,0.174412953885759,0.270075377011657,0.150201856592707,0.186849398812306,0.189624219248865,0.126940498629722,0.316959323314659,0.248738455462983,0.114554922498224,0.177264159364009,0.170550252477818,0.15866155149249,0.0971197724085529,-0.000735142555437829,0.106171383653798,0.118395604141621,0.142460402516362,0.175769728293568,0.15063236360303,0.203260830199494,0.133602125052073,0.378460961769187,0.172172696097507,0.205233359166786,0.145821044353152,0.123124274845082,0.172668580034808,0.184274238247574,0.170817650120023,0.129634767601861,0.14817939863182,0.396944661862053,0.162972535612953,0.122138909553823,0.166881730260272,0.117196139459135,0.18315727324907,0.0678748190181624,0.161455550699279,0.0935157907470836,0.163155160998966,0.11339738636485,0.106147488025582,0.124408142306328,0.104319151857866,0.0993938008617334,0.110563027641833,0.127617129696929,0.11888090990279,0.0910726912667661,0.12378142098216,0.118552402404416,0.102186638139548,0.123489312183643,0.104094564664647,0.144560434630941,0.0865798734613554,0.0810404658462318,0.189546581367143,0.374753147059869,0.36162180196452,0.34025494683617,0.285978957033374,0.121253471036156,0.0953413903713713,0.150142163190851,0.126278297693355,0.0898935266917025,0.156859678620293,0.158326723895688,0.466253728499761,0.199679981151187,0.0982932315386735,0.131183101365252,0.123397961575693,0.300049487159795,0.195737207265732,0.243853383605379,0.200013697748128,0.173250632775336,0.247013793425739,0.123250175412327,0.155989240735603,0.139843268561658,0.108541173664677,0.357539787349987,0.131778872380296,0.216906901237228,0.253970695056729,0.296437348463226,0.16172913899623,0.194429037761493,0.170502881098286,0.174007882436785,0.123935020967412,0.130671250978872,0.132680058922679
"157_4",0.406581779163879,0.21643122506959,0.326034181972899,0.255021124759848,0.0759196033862248,0.223219914268381,0.132434477177067,0.370185211172918,0.297117610484884,0.147746190082594,0.174871359562431,0.159563147076451,0.153989987677268,0.145756499323989,0.106171383653798,-0.00301988811771592,0.12498001151034,0.0974133909748074,0.177668967625235,0.0763000304064312,0.231879815783005,0.134870940797902,0.316597981664978,0.175405826450132,0.198990997809594,0.0969719807579434,0.181259853571268,0.143832209568864,0.178694586518426,0.171804582908819,0.0494736657711925,0.144838354644394,0.489688912031708,0.0822202377896872,0.0316775892467234,0.0939064835241672,0.113090999456248,0.224883558769727,0.050307012124043,0.122850395778736,0.117907460902144,0.205641349093405,0.0991074748394911,0.090523645907675,0.0701496556134125,0.0851277451103041,0.0706025106527202,0.0791799942343521,0.14425308091195,0.117759323640884,0.0634545519870569,0.107033488957965,0.124132979597057,0.10386763347748,0.170625690742192,0.073756180879605,0.100859662484265,0.0600935354765431,0.0805622484558035,0.141071222572566,0.441179435441823,0.391552537085398,0.400446735820758,0.35282669285666,0.0862048061357004,0.100936575989806,0.135018090946217,0.132597513331001,0.0736914820361338,0.0613107372065409,0.19482272398594,0.524695906333052,0.128903877208334,0.107131840883284,0.137321126783689,0.0661729478704511,0.350486932642848,0.117820132038463,0.258275627279427,0.217331631988944,0.17661597316199,0.295407207643546,0.0594717303678165,0.15147344015674,0.0452200542229939,0.130798644954567,0.391180441790102,0.0987836155442126,0.252215949508584,0.268756241217923,0.37995480504741,0.0839781580965588,0.215777399511338,0.154604636491341,0.149034439765559,0.085174480539467,0.0666210791709418,0.123541013929029
"157_5",0.281550577404784,0.149286417275611,0.232669585901238,0.139521204180112,0.176046979070642,0.13599229892085,0.0921419959011491,0.248391187070726,0.192827906732438,0.106214064108292,0.200088658296059,0.174661070372096,0.157989319830729,0.0925057317351421,0.118395604141621,0.12498001151034,0.000979478071054141,0.143616626312012,0.188731915840866,0.195425388786482,0.167150328508674,0.159555555780273,0.41025450361863,0.192528965604029,0.235861703955599,0.135666465413774,0.135998892934391,0.142747816206032,0.161167228984027,0.141862615947439,0.179237548133689,0.186040594694686,0.346868112540982,0.228152483151779,0.151626112136458,0.159534637533594,0.117463825121081,0.160245579238642,0.141464018970066,0.196093290301164,0.140872169200476,0.196314821871756,0.103480088117592,0.142481926933434,0.189868931130844,0.163549856667814,0.138762527841031,0.156127258024472,0.154593911320758,0.103285897453536,0.121343747033217,0.152544305307589,0.126839827012891,0.146789761632815,0.106273311018444,0.156577485973182,0.136997928744186,0.116470950191071,0.100160036015248,0.188654972315434,0.326763473934447,0.281672556852199,0.266112076254528,0.222587676165122,0.111305632357895,0.124846901572665,0.118154287212815,0.16900222156478,0.12906886085411,0.143266808352788,0.146163741004833,0.397162237681099,0.153044628196532,0.129491798995201,0.105855962030797,0.169530409504016,0.229666687625291,0.26402438490584,0.225873199186412,0.170228920393825,0.114622860233755,0.184455536090828,0.132451051569331,0.135093571422609,0.14113137119227,0.0917345721220788,0.313571160258652,0.124082049381612,0.18994753051877,0.325067836758702,0.249162246599549,0.234361435891882,0.137851925326943,0.122830926985809,0.118228854454483,0.142377966447302,0.173354722028426,0.138327707556232
"157_6",0.415905174018608,0.199991173654508,0.335916889657438,0.230388265917667,0.1293498283138,0.241814216575593,0.110412047653582,0.380680798100229,0.295591539754812,0.18205021196204,0.190770476740196,0.179687954118527,0.164116550413041,0.158955159371926,0.142460402516362,0.0974133909748074,0.143616626312012,-0.00289187747980968,0.184298827823599,0.136648695168877,0.250533544546776,0.158824597696951,0.313754452781333,0.163281761035841,0.203172396382785,0.146817304844304,0.165063196354089,0.150652334444049,0.201375250654087,0.199679603134235,0.0829903267862346,0.0941231685879458,0.466914543248296,0.0920905638059302,0.074275265242006,0.11390459260936,0.10633971559333,0.235909090074532,0.124800620463729,0.141347483581358,0.14434185595734,0.202716392529142,0.134608082186205,0.13780731942285,0.137514131894162,0.157531110228168,0.13165208315125,0.132489103534353,0.18359700222141,0.179314535469576,0.100756261155009,0.18081820064813,0.148773029448763,0.138158707282836,0.160955313713288,0.0964685366113109,0.137918951286431,0.120379316605447,0.130146513060598,0.138043421705697,0.450633549249848,0.381904981434931,0.388322002313644,0.332769721106914,0.138683172839897,0.140714688065317,0.187663105290031,0.163097397579141,0.11368563124623,0.125673565583953,0.205656181179773,0.508745177068133,0.167786390833824,0.137806814200202,0.146023894134787,0.11115197383955,0.337805246265383,0.134261726353771,0.316730947073441,0.264142940284103,0.224855447383852,0.302555706847155,0.107149156188247,0.162596314032519,0.105649295072665,0.171042728907674,0.408903526698116,0.157458883310769,0.243983037436128,0.254840505976822,0.37698859318786,0.134413049395012,0.224509462510299,0.184738402988222,0.170012427570548,0.146733584252484,0.140347810503196,0.161844171975115
"157_8",0.354835366622897,0.187732824690097,0.206110243898531,0.188092471264974,0.207383007168387,0.211008986830813,0.186305648115391,0.324373150841914,0.206037792804427,0.209988090111634,0.180273962063202,0.0735469679993406,0.164372129264472,0.179740929484031,0.175769728293568,0.177668967625235,0.188731915840866,0.184298827823599,-0.0016371108621458,0.199179962877385,0.221913527666087,0.141968633659909,0.377460244630798,0.20518295413906,0.241915208012583,0.168273337732149,0.166203183465457,0.184429729262643,0.177646069367042,0.188552460094943,0.192373048733267,0.161173751103869,0.45590866251627,0.222498633626281,0.199637269387294,0.19714906609991,0.202645786031702,0.207125956469224,0.18678561150848,0.241588682797059,0.185722584975621,0.217013675414441,0.195805690569855,0.188853633389231,0.21104857245058,0.194935031899698,0.190696447755425,0.198510260751838,0.231924810693589,0.208260647635027,0.192163665107365,0.186995701649427,0.193780793149517,0.184490872997067,0.215818699812728,0.199706500607765,0.180979181939211,0.19112095510002,0.193514468083873,0.211538630246442,0.411392186257686,0.383645138853004,0.348155333403923,0.257737826041709,0.175679073442939,0.188356726891598,0.191162396510292,0.215692843908281,0.180642123862934,0.176100563566962,0.213711465252441,0.487629360256115,0.20639407267242,0.203637525840545,0.194765026312129,0.202231692803558,0.332106803495734,0.219977067240487,0.304060214808447,0.243969326499442,0.191802710903053,0.21752150458695,0.16600246889723,0.154886640324267,0.180393315494517,0.165405947449537,0.372599509226379,0.179839571324188,0.235137482520126,0.232922868307682,0.282523133487924,0.202346971623907,0.210085053405759,0.20277587296358,0.183614261342578,0.167080975666983,0.196145906755825,0.189619068163394
"160_10",0.459165025218592,0.23640209060771,0.390283969102203,0.298438451898149,0.13397541469058,0.197619955517751,0.164786875985136,0.389794287065293,0.285454378412212,0.167223063698907,0.148121089310493,0.130715670272797,0.13126476156671,0.200065405172636,0.15063236360303,0.0763000304064312,0.195425388786482,0.136648695168877,0.199179962877385,-0.00240671877705445,0.237668195397107,0.128128389846537,0.297067072782614,0.215667321800719,0.191714161332473,0.136348434516087,0.236624291630587,0.180964652814579,0.156370999365701,0.216519014741747,0.0618271824328827,0.169674390459713,0.538675039226646,0.0649782129705909,0.0776518085653042,0.118152558493267,0.18745584696056,0.185845873057559,0.0817442157719339,0.150634309270835,0.161038074185709,0.241538857178043,0.144998506717927,0.0952153701067742,0.0881558730675813,0.0844415976026105,0.119484326226997,0.103421306706262,0.184345674463933,0.144721046418759,0.0810090126348659,0.11705578724215,0.160156300743466,0.138658754884593,0.248406676951602,0.120211301961008,0.158925054355512,0.111037626234269,0.154571239196371,0.172525841661441,0.424497039723021,0.451167635344169,0.455310269704665,0.409340211620841,0.154556436258141,0.126197432678733,0.163165945787005,0.168729109777643,0.139134141373487,0.117962877084885,0.239150205492832,0.571976013127479,0.228423484424153,0.143073347708631,0.197861263959858,0.0845248381935282,0.413119005666677,0.104798790137441,0.267866626110563,0.222936474159448,0.170643487850994,0.324494882482426,0.0607758671716878,0.173883663850086,0.0850194087742022,0.151802312719856,0.3966881415252,0.129187305420748,0.225628090526554,0.261263301118634,0.390092271641011,0.0513542779675222,0.261117530231818,0.191231142766038,0.164069633323487,0.0780530941632145,0.0592728786039929,0.0980624364041638
"160_11",0.268741935383775,0.164007463581155,0.2563026592451,0.184135381543929,0.26550171244821,0.134818913482845,0.182671759767667,0.233687838860808,0.164337262621971,0.156686523944815,0.235319475990869,0.156071031579165,0.195460118804704,0.146421571552888,0.203260830199494,0.231879815783005,0.167150328508674,0.250533544546776,0.221913527666087,0.237668195397107,-0.00124920315608179,0.210292526868209,0.452710556716306,0.239756549827204,0.248987556340012,0.205888281373289,0.171063963954316,0.185336181618822,0.116286890485736,0.151704182090052,0.25622769085758,0.225696921866782,0.392923933788006,0.272516537095459,0.256640313164091,0.250846903464446,0.208646980104713,0.144195820695554,0.230322320446422,0.245525303980879,0.202557104126232,0.218229440048542,0.189265566235367,0.209928262011088,0.254795662730103,0.213461156901311,0.231058789820435,0.241072191024714,0.214426151583448,0.182115994878287,0.222856296307188,0.2049908852277,0.202886599316877,0.214644594069612,0.18366322806436,0.237189572142302,0.21235102002504,0.194419568154581,0.203250882554975,0.274987606624256,0.301149918545615,0.3366945630209,0.291800345203408,0.236766353290691,0.188780052108019,0.198165444676757,0.19896651377144,0.227513205184873,0.216371920466836,0.229911933237895,0.165430764875271,0.428260564637654,0.248367285856182,0.200050544295231,0.202019916384801,0.240365458898078,0.290340958651305,0.28517957316816,0.25615792133363,0.194675621199978,0.128663258229274,0.184335805014193,0.213924252736475,0.179083824374166,0.234267372772594,0.154951685318583,0.304116863565018,0.221421741626087,0.148965192552685,0.317193670232561,0.193761158120348,0.251517574034022,0.167519442156054,0.193666888136658,0.179961673601602,0.178849912605272,0.220713586076129,0.187137262038329
"160_5",0.412698751291926,0.224208986823925,0.330157309439414,0.228264583664765,0.127174485777922,0.201911805128199,0.147217302786974,0.404747228540354,0.287116580835383,0.197170543625794,0.0739517291210494,0.111520206276239,0.0763842686455043,0.169429519237829,0.133602125052073,0.134870940797902,0.159555555780273,0.158824597696951,0.141968633659909,0.128128389846537,0.210292526868209,-0.000901790512807921,0.278362064985733,0.148996877008408,0.171033516368517,0.141458511974068,0.170334628787123,0.178176480244129,0.166409262808029,0.183093041539566,0.129293186066799,0.137408874172418,0.503606518619948,0.148177657691203,0.135136407668763,0.150677673581982,0.191067760563194,0.191470234720553,0.158961072744257,0.233679207954241,0.175541939127841,0.246298045840612,0.155045885462085,0.166727473707825,0.173139885468294,0.17332177638292,0.154612050199798,0.159837053674314,0.236643105871653,0.22388780354356,0.147066244245047,0.16477229360175,0.175083347702005,0.14222561321497,0.247572216362033,0.180333220835611,0.167319008870816,0.168462810551741,0.181281629260682,0.175287369726872,0.444219037573708,0.433806802940304,0.424812146681311,0.347642062243067,0.155564598117232,0.135663559938325,0.159863925672945,0.16269997829035,0.153420968156743,0.128208739325937,0.213687507540611,0.557088390270368,0.212372290124964,0.207320718882873,0.168621028036874,0.170436636734594,0.392156243717528,0.203521508701297,0.335104380420601,0.219099324356083,0.192054825655771,0.318241848591331,0.11622411918837,0.118346362698054,0.113216902515122,0.111021100809671,0.423731060177724,0.183218440123851,0.254716144433035,0.205574410503482,0.390644938875343,0.140313958843587,0.251277959366921,0.201808054832545,0.16949028494203,0.170414980204866,0.156012179417464,0.149604644812313
