"site2","103_2","103_3","103_5","103_8","112_12","112_3","112_8","125_5","125_6","125_9","129_10","129_11","129_5","157_2","157_3","157_4","157_5","157_6","157_8","160_10","160_11","160_5","160_8","165_1","165_4","165_5","165_7","199_3","199_6","199_9","236_2","236_3","236_4","236_5","236_6","236_7","260_1","260_2","260_3","260_4","260_5","260_6","261_1","261_10","261_11","261_12","261_2","261_3","261_4","261_5","261_6","261_7","261_8","261_9","307_1","307_2","307_3","307_5","307_7","357_2","357_3","357_4","357_6","357_9","363_3","363_4","363_5","363_6","363_7","363_8","399_10","399_12","399_3","399_5","399_6","399_7","399_8","399_9","69_10","69_11","69_2","69_6","69_8","81_11","81_15","81_3","81_7","81_9","99_10","99_4","99_6","99_7","99_8","Extra_1","Extra_2","Extra_3","Extra_4","Extra_5"
"103_2",-1.60171325190746e-16,0.863906523062532,0.700297078487006,0.888337614944471,0.942402589383568,0.744749040093035,0.902518695213524,0.682295106272954,0.671947485000168,0.863554564416507,0.83226835082868,0.83548312597209,0.849273437768509,0.843184684267852,0.822156460332414,0.948315291047202,0.854978503101098,0.928058771214625,0.864957086691605,0.953287953254122,0.789450516813755,0.826488215596818,0.900323912162716,0.815107631536691,0.91692840226445,0.897522065111487,0.851901043751545,0.953465636039831,0.768617313013691,0.894054019031004,0.956857054087242,0.914126855076073,0.891879040869083,0.936035640335105,0.992106339535349,0.922644086949336,0.963185729843056,0.872592137510208,0.939363107383804,0.959186148679277,0.87453150325946,0.94158557952162,0.930873208116446,0.928454865326845,0.99072825000618,0.896673533334032,0.955408876198281,0.974383664385495,0.969041336866262,0.914853681324574,0.938718388773471,0.949573792071091,0.921931641774215,0.947039567146622,0.876800647101243,0.958854174080666,0.88714042697411,0.959451014368732,0.960414458981508,0.904696982275673,0.839058220490238,0.849285062786043,0.829723192396395,0.744673816330587,0.907179691707066,0.912982971888386,0.914982545055502,0.923092923469534,0.937950334904148,0.908459744467522,0.822145305485147,0.856247389881792,0.934943730675768,0.914750857065657,0.957001416334057,0.881528106629345,0.742552137842539,0.947430392025455,0.869711606338093,0.711165358145452,0.732050879457187,0.785007908002343,0.889520403265431,0.752387291930874,0.927299752810245,0.797272815201466,0.80935164425631,0.947709299009674,0.752162404594535,0.734629763167964,0.714655334628362,0.847514250210043,0.736208182659358,0.87956245000023,0.885305489223943,0.902399555960008,0.947163765449523,0.946000294012575
"103_3",0.863906523062532,6.40685300762983e-16,0.780369607144495,0.704908801077667,0.914043698126724,0.817668548906343,0.814843991460198,0.714687739720451,0.700858976180722,0.670344967248655,0.860950977036358,0.798765326215785,0.803077713063509,0.775018872147932,0.901790745560477,0.920218659370731,0.828404364341667,0.863773918503594,0.878977189992091,0.816657648265082,0.667339817460144,0.818469556416717,0.782445653919494,0.803708167437992,0.853340340381966,0.836431424806057,0.727534658210898,0.738367990018107,0.717217972261258,0.775381852469365,0.840736530576923,0.806006658255115,0.893932823475017,0.781681061965981,0.924628101350433,0.864728768253841,0.949198164290276,0.774994981113538,0.967219208510915,0.915487899001975,0.811260595043989,0.938847118801999,0.860568657837664,0.921981223638813,0.935621541135199,0.818852501034577,0.960629921259843,0.955560714269008,0.792766687868656,0.834704012669363,0.885429695322038,0.832720704562447,0.910717869907429,0.925858039251,0.861722681844985,0.937646531255334,0.870276228906655,0.916077545240761,0.855784220031434,0.857724949535708,0.832509754092892,0.945553456851084,0.854488022585462,0.835943362911848,0.852199635001654,0.858895052786536,0.88069034351019,0.845273177985279,0.943589362554244,0.875473107950321,0.831308774937532,0.931771830735202,0.933161785842736,0.916787777392142,0.895131086142322,0.805560039687217,0.912967523619678,0.887829977794252,0.717543545072716,0.871130688532214,0.774134657199182,0.802600793610061,0.805086195243898,0.841775714895959,0.847202907561999,0.821369636765742,0.815595858085113,0.916036121988456,0.636084820198928,0.890130316476297,0.736363505176138,0.702801152056437,0.701427551084182,0.7985405668331,0.802404740263136,0.725491378467063,0.797375722909214,0.759344265471567
"103_5",0.700297078487006,0.780369607144495,6.40685300762983e-16,0.724317962571284,0.819477637045201,0.817470136765457,0.861026909950583,0.725481602520745,0.636271294886197,0.804367179592064,0.955865571904505,0.694334524574377,0.906223316570191,0.849248086957047,0.886045678434778,0.857510254797578,0.871763851821688,0.946173653536425,0.687550002424547,0.930026023243667,0.839916540501466,0.914073767181092,0.850663250750325,0.848351536188093,0.952465885946508,0.859724760634355,0.823012500897638,0.905163037928525,0.846923595133637,0.845359579285882,0.90701825447262,0.864072392876465,0.905674818773109,0.952596128714776,0.919232819053777,0.839831142372525,0.951885222934403,0.891365087552768,0.930314690363897,0.974809306559589,0.868205855785086,0.985711908476402,0.949722985147552,0.896486663202142,0.967205404728971,0.880681144306534,0.957440842870832,0.976684513699751,0.899857081796477,0.949786040773924,0.95993422029765,0.92467745955395,0.962059998449553,0.966525898935557,0.885633040682303,0.984381637886274,0.837856231716129,0.939016689275705,0.934793594961648,0.867521760400867,0.89094710416421,0.772737780001324,0.612789034787334,0.600038456011715,0.83260429711491,0.921619720014379,0.918249653923797,0.884225126974321,0.898062894675069,0.852370520124253,0.851755734336501,0.827426465724957,0.834879597574745,0.938818778525944,0.940397350993379,0.890779252869538,0.706183441293392,0.94332592526583,0.875319301550584,0.918597379826085,0.850389178698203,0.702710583858755,0.865839561520446,0.849959169683832,0.897641356623322,0.901352975899211,0.886774386886678,0.848080268507691,0.857613663884123,0.919108588389907,0.715764145371172,0.928612138950118,0.812609653232802,0.92117886164962,0.900504615448346,0.838419262290735,0.921302063180266,0.952756155544657
"103_8",0.888337614944471,0.704908801077667,0.724317962571284,-3.20342650381492e-16,0.794552410839268,0.817224569767098,0.844157383957346,0.844577748247111,0.754053795724715,0.680871750083281,0.849376908636713,0.786038117546518,0.78688513185199,0.741103659381469,0.825802234630152,0.886896716189962,0.768986425832218,0.83822734169813,0.803434512772884,0.923282956220954,0.726568777111512,0.775401154083039,0.748536546376728,0.764195438344934,0.711271086450991,0.868014211287168,0.720436424003707,0.782108543690704,0.807514539587046,0.759328333128865,0.780514196883104,0.725302733273298,0.812121889975758,0.857338037404941,0.872500755990391,0.807304737477986,0.888302467895154,0.7866813758081,0.877420319210682,0.887471916400621,0.711112700076859,0.913715160628664,0.905996158046871,0.865305484941552,0.948564674066057,0.890212698509329,0.868528877422248,0.918233892784469,0.800490189471168,0.952304683032292,0.893480247411334,0.90662906379725,0.861379050076848,0.900758865266829,0.783216640418029,0.933219898266908,0.745376931452365,0.888217135497306,0.812518719586533,0.775001505931606,0.944351641927455,0.929398930326919,0.87428216582047,0.837673292636226,0.85620743377203,0.800751490859558,0.860241629030765,0.777465523322731,0.8630798711093,0.858311187633803,0.857542055377968,0.965230217968985,0.882007774761788,0.876189120162416,0.853290186983156,0.82453044775571,0.863883216520778,0.903946561549893,0.760970153354162,0.849611508033443,0.820902600966941,0.795075199231367,0.786190859875097,0.814439019506463,0.84499834317012,0.819398511812851,0.886647815302915,0.796040470428992,0.852882589066259,0.858767959300684,0.829803093025357,0.840018749043929,0.824872375875122,0.867946510441552,0.856446269605344,0.842250467142292,0.920225216971082,0.89582489358298
"112_12",0.942402589383568,0.914043698126724,0.819477637045201,0.794552410839268,3.20342650381492e-16,0.707090842517365,0.696788892408325,0.845259745712317,0.791250169568586,0.673415722210516,0.785979821432715,0.609858424293307,0.72277927939307,0.71714263386732,0.7569392940241,0.399890922345373,0.757708761990612,0.745407476888316,0.733178339722264,0.695380890900582,0.800390391000669,0.731356381503568,0.609976007613373,0.86560696914694,0.847520055359819,0.665253352866392,0.770598969510366,0.717804167005523,0.741639989574597,0.750124267924119,0.588341035790616,0.706635183183419,0.856710181444064,0.7488167260931,0.465208369548922,0.604582280061361,0.681447862748017,0.799087529276958,0.745863041495821,0.642917319898732,0.721937602437039,0.805816282920151,0.80034261530506,0.830504952151764,0.739442879347201,0.736859031472011,0.777088379768271,0.725827665719317,0.70478610679844,0.788912474968372,0.750124190139244,0.81678674036288,0.852146330339875,0.780056186759421,0.742812590209317,0.797445173280662,0.514207422519643,0.603007511152552,0.75781017127687,0.601777514419409,0.847792146307085,0.92098565445499,0.845019246686057,0.798243923073915,0.632896985178297,0.69310452602051,0.798831831361196,0.671605220734042,0.559654593582868,0.464160932600562,0.850909565720191,0.95736110349146,0.678956083276027,0.755891642960644,0.87324746165096,0.587297519092188,0.823038390390458,0.64020947191449,0.695200503523265,0.833134779712863,0.645121527820616,0.84360336039249,0.533760385039598,0.710453013334532,0.362876831605637,0.677079913578399,0.835182792222295,0.588158892334621,0.821242763470776,0.890507088807257,0.836477121089331,0.737593750690462,0.827438479263581,0.801212582633358,0.685473479969633,0.526129220880492,0.597744442843896,0.797447546843776
"112_3",0.744749040093035,0.817668548906343,0.817470136765457,0.817224569767098,0.707090842517365,-9.61027951144476e-16,0.668644310499258,0.700590471917778,0.594075331899564,0.666515562723659,0.532867602997818,0.5425422397986,0.441057635487515,0.77155956817561,0.806561536354195,0.837883921517938,0.724001401418223,0.894058629195448,0.759759229240139,0.688758391232709,0.659533359449308,0.58536954566553,0.791544732349526,0.846840738762922,0.868304391703451,0.791116752884049,0.841214886744686,0.781973249932319,0.54740129102023,0.731448767531655,0.798581333609565,0.77475168813027,0.81120411048818,0.83891051636939,0.876492583365884,0.774671280743301,0.822149181094827,0.540188387510731,0.897527046643833,0.848608974634912,0.769793013144482,0.922302316175595,0.823556226879227,0.889196967079852,0.890868844133884,0.76175453795922,0.86546133350476,0.826073955426301,0.874446910249783,0.760460320461267,0.851661686889677,0.880138266439208,0.826696781677254,0.809678357503365,0.783516493067355,0.924015258874328,0.765327225952661,0.820450564957834,0.936000624426555,0.807560546731852,0.513760537835981,0.89801344176118,0.791982027876165,0.716865057542711,0.84527313592577,0.787305286538275,0.781557328003311,0.793190406744054,0.791069868726986,0.783988426925483,0.800738881811811,0.852126014014593,0.884305006821797,0.862834015952431,0.915856882635418,0.783177152467885,0.835625979564702,0.861337604753889,0.708768156725746,0.625989987960101,0.537350207671946,0.744053672435725,0.742404609085293,0.53679610186167,0.762112472435143,0.538058761563184,0.58622669924656,0.790981258343552,0.660024042875426,0.876107458937657,0.674316999944346,0.723965770478806,0.760315450035454,0.743871916409865,0.626769207928936,0.636721101383125,0.795883422026623,0.645984979974628
"112_8",0.902518695213524,0.814843991460198,0.861026909950583,0.844157383957346,0.696788892408325,0.668644310499258,9.61027951144475e-16,0.86691625705437,0.804923253026113,0.672817322803675,0.704888395474578,0.761105517163985,0.592966830246523,0.710225465324932,0.716567706140437,0.806685805822451,0.661787094846059,0.715920886643566,0.805563693118454,0.697883308506712,0.854954430023178,0.666949335867095,0.788144536928219,0.890570388054699,0.894394408168298,0.69738397595621,0.844534960615562,0.781887903559595,0.782257506108566,0.771598631717976,0.753492048997594,0.764687144760911,0.850120411171238,0.776192787801516,0.79439532377443,0.720635330667329,0.611468565662337,0.773763862031139,0.725845641780346,0.686456005910113,0.748338412277457,0.763905872785696,0.747164057923217,0.724972510103644,0.748254606382595,0.678835769811437,0.721470970521462,0.789960344229783,0.676716540546235,0.712590332219307,0.695625144645641,0.776562278414303,0.74519971538649,0.728812098653291,0.6670709808463,0.856575214715706,0.776569944233968,0.733268315419984,0.816901499731454,0.729800588749144,0.806417054573817,0.901481451649882,0.883431656801285,0.855728570880352,0.778636746564707,0.714074009987622,0.776065733456523,0.779464517988176,0.755167391525693,0.766725386679552,0.752489396754262,0.882995902888304,0.879655627176637,0.73563062771176,0.813739092972254,0.770292887780455,0.771106523038182,0.816272117830163,0.825655985656608,0.780881157413033,0.75925309474224,0.899527441628714,0.684767855906995,0.599159364293137,0.709691626530354,0.607916606165897,0.787111400229267,0.725677341733225,0.844347226142236,0.964416619557671,0.823515308836128,0.81071547537377,0.838800448778029,0.678289709758381,0.64641777915389,0.721328647344628,0.812553783353034,0.666036595811445
"125_5",0.682295106272954,0.714687739720451,0.725481602520745,0.844577748247111,0.845259745712317,0.700590471917778,0.86691625705437,-3.20342650381492e-16,0.529361194597575,0.745981121925169,0.827947785083382,0.637273848992489,0.793100579035503,0.763876217569807,0.871070280708507,0.848515098144351,0.867681666940901,0.872720598136064,0.663374426168203,0.733367106732789,0.635599914001381,0.839580866314326,0.722286432394045,0.833689971614969,0.898285491720487,0.728595641730791,0.868588718841699,0.838232549159867,0.597808248204557,0.737464097121703,0.842138641161139,0.824307671809431,0.75107782894412,0.806292367658943,0.894288509263019,0.880199242176246,0.917525307868119,0.698598247470857,0.87880151069627,0.879924508795223,0.815848229144388,0.947425461856032,0.853673638456321,0.877650657841861,0.914292029735035,0.835472529426171,0.950697010953589,0.893008025908699,0.891904088593025,0.80220409802256,0.940177403210428,0.878814985476414,0.903026991006729,0.888232933697277,0.886621572998413,0.972754606239159,0.843897219369588,0.853229379010305,0.917336665124928,0.90845175998911,0.677256457493525,0.93673372321027,0.880815937807114,0.792472615890607,0.812753704311306,0.89762204230559,0.88732254407158,0.838186583285819,0.84897641440732,0.829697397651873,0.885915548666138,0.571969747608156,0.898623769051651,0.912041697555784,0.985890541536607,0.794336673301009,0.911179345838824,0.88680891063062,0.701191248113866,0.846062576265021,0.54149240113467,0.486627551957839,0.796787433001044,0.781903125744456,0.778582142080633,0.839144730399817,0.78848369383014,0.877686984374354,0.591887061443951,0.858396492550325,0.474988397232554,0.742761723689243,0.497050453157046,0.83389378637606,0.785089152664152,0.70423490521834,0.797750515251117,0.819606943648397
"125_6",0.671947485000168,0.700858976180722,0.636271294886197,0.754053795724715,0.791250169568586,0.594075331899564,0.804923253026113,0.529361194597575,0,0.594238131358189,0.720422028642859,0.520475458257758,0.648561096433009,0.673508920397563,0.838533155046175,0.836837850838963,0.78543166815439,0.806711127574636,0.637043443792663,0.701704455876737,0.612650167883908,0.794291472397219,0.742655682535289,0.789738972870231,0.828480993727748,0.776584742163854,0.759752493390802,0.719421032776504,0.467852212207964,0.686902452026895,0.781495297067062,0.733247783307918,0.803017333108179,0.77635743913969,0.910196942672784,0.801319461330263,0.894223526775112,0.580925240384192,0.891229868285341,0.858259666827018,0.786726822176666,0.905905727822648,0.883191531293192,0.876944438214929,0.929632553118166,0.794971741250803,0.922435081848482,0.906538982985481,0.89733322093295,0.786171474729153,0.866992007580836,0.87219788180776,0.875309310758341,0.873618405486542,0.796658977046305,0.927373480722633,0.784284983452054,0.835273426018397,0.825255925787171,0.759966799802964,0.595321087112701,0.733961130967063,0.699036508898814,0.656796219733615,0.825541482998847,0.804077433375833,0.842688592849305,0.811206646723486,0.821215798548181,0.747671392976366,0.837139030384386,0.809860234043449,0.903778269030904,0.864769246873408,0.929835828974207,0.769715157553126,0.691529269215404,0.869545874468731,0.622846534459841,0.753394610044685,0.58931397178948,0.597977828771023,0.736277753393848,0.679823101640252,0.747054152695583,0.787746818589709,0.630686023888302,0.787983067126888,0.531872448052045,0.705851864024408,0.498941085376944,0.648928977208525,0.547342684993758,0.770331703820706,0.697641260999598,0.604325650374926,0.753982130322386,0.759374014108007
"125_9",0.863554564416507,0.670344967248655,0.804367179592064,0.680871750083281,0.673415722210516,0.666515562723659,0.672817322803675,0.745981121925169,0.594238131358189,-1.60171325190746e-16,0.771667290067853,0.688322907712113,0.695814134905215,0.476144117565044,0.729501375921487,0.759434068175117,0.703387256387627,0.710304391602362,0.780315635473369,0.574761601421492,0.60132426125522,0.710581207061565,0.70962111171003,0.744097734043777,0.718382180414902,0.740432481073547,0.664436768590724,0.629033888755183,0.642712195684485,0.623381023651319,0.617487356134463,0.644010089134334,0.807054080562649,0.64496512456364,0.726079128345549,0.755028287854158,0.806313009544277,0.678341753346283,0.765988609287412,0.712371339976325,0.706653212217039,0.895327121131853,0.764692945297615,0.728173547760436,0.776512901653788,0.682824634687993,0.840333402312219,0.845340476346672,0.770897299994424,0.790759555836166,0.749100333614823,0.788156112672641,0.777075438113564,0.829108671517323,0.725632967142621,0.823904990845532,0.731122176584164,0.816745046235044,0.679974757183619,0.729593589293724,0.796772996738947,0.918507611071879,0.813641647012927,0.84114561627282,0.821105031859196,0.704199699181557,0.793720504116389,0.708644706672428,0.729762752890574,0.754275531467538,0.781983078218258,0.918421263012267,0.863387094582655,0.755127358960207,0.851054043053229,0.733107887260747,0.809221012474558,0.805419357391304,0.610563395589101,0.769114632380021,0.642460112227381,0.770975598137847,0.586426513150015,0.693685601748383,0.618963864332695,0.733912234494969,0.741221446297347,0.67140678928929,0.630385760795171,0.812928455422146,0.685009541737397,0.61909369254582,0.668680607049851,0.715586679328778,0.733619800650006,0.609506262862573,0.643034556539963,0.697943641378059
"129_10",0.83226835082868,0.860950977036358,0.955865571904505,0.849376908636713,0.785979821432715,0.532867602997818,0.704888395474578,0.827947785083382,0.720422028642859,0.771667290067853,6.40685300762983e-16,0.626769777022463,0.400150734687727,0.805901658593618,0.788824869025442,0.913033934601649,0.774683162800599,0.91394794746305,0.822407941675284,0.776177483396981,0.711467669236071,0.555011374788499,0.768678325232587,0.902227792239391,0.838307880845038,0.833834546919964,0.788780101981033,0.796292302842972,0.592151707100955,0.737791585644169,0.828171475937243,0.795623181576683,0.90357193138152,0.836200314136866,0.913232386981826,0.836014995511735,0.851830590617484,0.746468644345137,0.935052398619982,0.843804191094309,0.833400252740644,0.925245248584736,0.919643573397842,0.859481973246637,0.897877487596921,0.770003198990611,0.844851477579593,0.873506836711419,0.879635607827492,0.789923850909957,0.835684583682492,0.862264884428376,0.862603577668616,0.80319504800525,0.844246265208017,0.920154689824967,0.864269890264264,0.819854270935898,0.919972295841014,0.828325542376948,0.67244405819109,0.905845704937287,0.861223047393268,0.8460641586481,0.843517252649184,0.764543433653431,0.8140460850172,0.752541190472193,0.79575200050967,0.824373251789705,0.864782279740792,0.924823048342222,0.939422236819332,0.847338356677705,0.909540655131669,0.84670947647844,0.864095018100265,0.905246634627272,0.784012397457592,0.682156614386915,0.685005675217942,0.853545328352295,0.78140949613535,0.489071632684824,0.780390130595731,0.549238719998161,0.715218947922247,0.830104034703886,0.752840557898099,0.833751853303839,0.793717692881087,0.793866841649863,0.754776320431764,0.746526871850232,0.670212020924895,0.765183201749444,0.880960942620403,0.634980664168045
"129_11",0.83548312597209,0.798765326215785,0.694334524574377,0.786038117546518,0.609858424293307,0.5425422397986,0.761105517163985,0.637273848992489,0.520475458257758,0.688322907712113,0.626769777022463,-8.0085662595373e-16,0.58704043848166,0.742463516420653,0.834074668443677,0.723045299750613,0.8540281947106,0.835465152792327,0.640090819139977,0.642070820668386,0.672553309595821,0.710400252356245,0.711678328596449,0.849917037945561,0.852041412713508,0.670350758883563,0.79599220684949,0.76550496754857,0.515518112288928,0.691355844631737,0.810594723075385,0.790299363098296,0.860673435895689,0.817326195482931,0.773589913582311,0.656783678558684,0.845874630594107,0.627808891070566,0.893805309734514,0.772592608477232,0.794685458129529,0.88769475146282,0.818502509975705,0.819774926540429,0.846794398820847,0.722585573661669,0.86778605905487,0.852168541883995,0.834300462699408,0.787784268099269,0.814882138110738,0.79582028981315,0.858557192103164,0.806843121099384,0.86867868904619,0.888113781345631,0.759906761633987,0.765654759453886,0.837343020732872,0.77828994435079,0.673754725641187,0.878687307640182,0.728248302082809,0.691830231876296,0.716295665060576,0.759714764579783,0.759809181703218,0.717091554423579,0.699824558136066,0.612972179051179,0.81725784185032,0.852225287216703,0.825847932095979,0.89253562309508,0.891162687930084,0.698687211633982,0.856177410832663,0.820327791974014,0.619529889816165,0.747935442986783,0.515310122742932,0.677272527451892,0.641976929192883,0.599435648261822,0.639724971370865,0.66792739495819,0.648596488204407,0.674984122614893,0.650671154282652,0.83341321663998,0.621718874411161,0.655569032171862,0.706339392454655,0.777677725155456,0.640490685629458,0.546790304534559,0.740628702059472,0.761422300459559
"129_5",0.849273437768509,0.803077713063509,0.906223316570191,0.78688513185199,0.72277927939307,0.441057635487515,0.592966830246523,0.793100579035503,0.648561096433009,0.695814134905215,0.400150734687727,0.58704043848166,6.40685300762983e-16,0.726519831605805,0.780151530853654,0.814265022955628,0.676796445071863,0.827417848886323,0.784460363072368,0.692379572211796,0.694434298572709,0.452548896173928,0.734570559719659,0.849976237041734,0.843356632459797,0.760679822226661,0.814068865672005,0.705006910264768,0.570160847592812,0.685553525629832,0.763779335638016,0.763582302507577,0.864603740479736,0.808886732763247,0.858952265673865,0.805863598830611,0.800428399861969,0.631570415154054,0.865054094860991,0.793707216586592,0.759803020436279,0.817486517188102,0.83560790738182,0.779946811298761,0.806016481653758,0.718765482994867,0.835266929772443,0.779178855985079,0.793882606685479,0.739617845448743,0.768259105089648,0.823355440983736,0.786118793281264,0.703180795699329,0.781599698266253,0.935600458636203,0.850042473390262,0.730661529818591,0.892684314306758,0.736261893404054,0.677269306852509,0.910488607560186,0.892476941543933,0.80763571106264,0.830567085804064,0.678222205787487,0.78250360927686,0.677521131785994,0.746059930152836,0.7603922214738,0.769308430755875,0.890090291900114,0.915773916339784,0.791345824190795,0.896450950040071,0.812303307545658,0.811523360477973,0.859616570191587,0.719928589752687,0.650848457571494,0.620022562607683,0.835837854264466,0.695976144946338,0.427913526118263,0.729959773481506,0.502409390066416,0.61817534385237,0.747613785425072,0.72377909422333,0.852597429429868,0.73769040462776,0.707317073170731,0.704551732275313,0.699798517156335,0.574439787088707,0.67143288381114,0.837865033020131,0.608298194837668
"157_2",0.843184684267852,0.775018872147932,0.849248086957047,0.741103659381469,0.71714263386732,0.77155956817561,0.710225465324932,0.763876217569807,0.673508920397563,0.476144117565044,0.805901658593618,0.742463516420653,0.726519831605805,0,0.655005332818277,0.722352149305914,0.69062102783729,0.719919558143557,0.757593365144021,0.758559998611355,0.586729820665724,0.686187616850524,0.717485233551053,0.747538245119214,0.698365187821344,0.72903608139982,0.657381504091485,0.691928675718898,0.639523343343796,0.653248037869602,0.619324472888812,0.699718014626013,0.8552514179806,0.638347746138183,0.726045445137268,0.828650117153046,0.760114588518473,0.722902321409479,0.729155398201603,0.723915107937251,0.707119068259646,0.834627363844382,0.757846878388029,0.787232621520007,0.775935950275986,0.810042654990047,0.799188733091999,0.793727211574195,0.783268166637821,0.769902243225359,0.747299702867336,0.841705383870821,0.759930237210308,0.792506990534497,0.713452044458876,0.814757158617714,0.79292002010409,0.779579293896479,0.676478331525876,0.750879578656104,0.848687313096583,0.878730501697523,0.864632503006344,0.821954403053681,0.841521183061476,0.66641419500555,0.811812358102229,0.745606584381614,0.749665296499482,0.764214847528504,0.763644322752936,0.93982581012558,0.905657581931746,0.708830593743033,0.869048602299441,0.681504861777094,0.783496814544732,0.835823912460732,0.714803799012044,0.814886721253484,0.751613565450729,0.810169285452305,0.660834378573646,0.685481123156261,0.657645858230119,0.753816619516791,0.845400521679738,0.708971497888547,0.748023377229109,0.845412611135152,0.766476893454098,0.704278690982114,0.728922487240436,0.76746293706603,0.759795414981434,0.688378921729636,0.786825235209184,0.803389846004735
"157_3",0.822156460332414,0.901790745560477,0.886045678434778,0.825802234630152,0.7569392940241,0.806561536354195,0.716567706140437,0.871070280708507,0.838533155046175,0.729501375921487,0.788824869025442,0.834074668443677,0.780151530853654,0.655005332818277,-1.60171325190746e-16,0.765011969589286,0.700092845100487,0.783751543978782,0.769313795991946,0.825519859049958,0.859355649774722,0.678255037944001,0.79581385129288,0.830295600194998,0.90468955055771,0.79780271825036,0.761909050118059,0.89206108709008,0.836828631286174,0.876024844563582,0.778610505010418,0.820533521563682,0.836047487403692,0.791783029646804,0.785268289872189,0.814026148665944,0.737394399134603,0.820262298435908,0.60877213921675,0.743793315088785,0.616439127155235,0.848086274466331,0.771300351719605,0.863435488477549,0.775021321236067,0.771488803228479,0.78156172559276,0.755250198151593,0.786341725541337,0.786377646598373,0.753374662485029,0.827142086613805,0.787013031978275,0.699163629758903,0.670761809001735,0.838277522424024,0.763743274247714,0.704475654644733,0.759029994090158,0.813783305253857,0.875845378498604,0.927659183387276,0.823763054804805,0.86692488672501,0.728115075510968,0.717512185199116,0.854114747151435,0.749538189266646,0.717429496896288,0.772152831721576,0.83064369345289,0.925035868580241,0.863629023558725,0.779666094594488,0.825040859658142,0.705293445412971,0.832280053810017,0.803946255595362,0.918374740939304,0.867203770522498,0.852456991720886,0.852385654707181,0.787537224791736,0.748132718098265,0.734550811680467,0.706849156636129,0.92897974000766,0.820357106455458,0.850870508878767,0.877460070200674,0.840516101214539,0.871998477872655,0.876948783436114,0.822724720133108,0.828463984930395,0.830617085277804,0.931465079101222,0.888553454836883
"157_4",0.948315291047202,0.920218659370731,0.857510254797578,0.886896716189962,0.399890922345373,0.837883921517938,0.806685805822451,0.848515098144351,0.836837850838963,0.759434068175117,0.913033934601649,0.723045299750613,0.814265022955628,0.722352149305914,0.765011969589286,-3.20342650381492e-16,0.741559924560883,0.760342603184187,0.79172434092433,0.713934532224196,0.879982102859288,0.813303588475341,0.716493810006564,0.911536976703936,0.926461618949142,0.657794627306941,0.87672720236556,0.737185557368245,0.82647021303623,0.801306398629065,0.563176265537609,0.787294965611199,0.916191112277827,0.691056022241522,0.361398095098368,0.582405857490305,0.728880476650093,0.898906951564238,0.570760404399896,0.601017025415355,0.676548657061092,0.758383216283854,0.806506550156444,0.772951202901713,0.624226755554006,0.73887543625711,0.778572574363822,0.643843789039449,0.697483015670577,0.773870163186802,0.789047712686617,0.758209016576897,0.773429918461982,0.741094663449932,0.78592697268196,0.720513651789606,0.583379644530364,0.514155941575194,0.662901977292174,0.681310512455567,0.928458934488325,0.942342843850086,0.890803046118112,0.821035961076248,0.631705066334252,0.715812225764314,0.821254017779876,0.661597949151447,0.487490808609132,0.453075471051482,0.906077020289507,0.974383664385495,0.72509019162515,0.716601845819921,0.901471958567062,0.517805372803187,0.856803178673096,0.589326828526122,0.723856441412235,0.872428924222701,0.676943361103118,0.869639774245848,0.652787755853363,0.782499279422097,0.420411359569559,0.79831544969584,0.90412988290455,0.586903015500241,0.82461255837903,0.90633506406928,0.870534392376695,0.716971706574578,0.838817814563298,0.829367665270669,0.771485465655529,0.552540475106855,0.53987889859849,0.861207371351979
"157_5",0.854978503101098,0.828404364341667,0.871763851821688,0.768986425832218,0.757708761990612,0.724001401418223,0.661787094846059,0.867681666940901,0.78543166815439,0.703387256387627,0.774683162800599,0.8540281947106,0.676796445071863,0.69062102783729,0.700092845100487,0.741559924560883,0,0.755115796180885,0.822495276997417,0.759458277856802,0.796945744332004,0.663337164298525,0.76631410319589,0.886564000341994,0.876550415250983,0.781283049539266,0.85135205390917,0.815092319095715,0.838985107821545,0.834618655347652,0.719407884146106,0.775379757220117,0.794519614165966,0.810073945766443,0.756911186642138,0.74489987493646,0.739149094635917,0.805751556838992,0.767752695372245,0.75099009138253,0.727127009743805,0.813223282045898,0.803067669193847,0.811650837227127,0.773608152727891,0.774699476091032,0.72186927986577,0.762459291611305,0.792973412695708,0.709829480174376,0.678904762353268,0.855510549416801,0.68474160767492,0.713040443728193,0.67912155229524,0.914218419682638,0.762928107572463,0.760828845429552,0.770205293154242,0.768134940444143,0.81575628844982,0.92171723591889,0.906407630880173,0.832196728829842,0.743511358099767,0.767189188571326,0.784300167478325,0.720548198828087,0.770219906855168,0.740516270580717,0.784465159996019,0.928826730809405,0.854275368197968,0.717786969818413,0.782251065590196,0.713284673745177,0.800459979351515,0.78715160919131,0.839218687347233,0.781705888474248,0.770000974966666,0.88291403224391,0.755535440852779,0.725329723971065,0.7118487870626,0.66331512989578,0.881335471169612,0.689769037186668,0.868314041890182,0.930492895271408,0.826554381970733,0.881948656899634,0.824956099025641,0.705763131252286,0.680965015525722,0.773946911859352,0.789433293482819,0.749220988174853
"157_6",0.928058771214625,0.863773918503594,0.946173653536425,0.83822734169813,0.745407476888316,0.894058629195448,0.715920886643566,0.872720598136064,0.806711127574636,0.710304391602362,0.91394794746305,0.835465152792327,0.827417848886323,0.719919558143557,0.783751543978782,0.760342603184187,0.755115796180885,6.40685300762983e-16,0.763735215721701,0.715863594387738,0.860222166525227,0.848279875863414,0.836875840811814,0.887725741918988,0.879877908383711,0.840572037464632,0.794186917006326,0.817573234695506,0.820444901281817,0.84613610439264,0.641292574238705,0.674221583645573,0.753572896411707,0.670334132761236,0.739892796343115,0.802671527176857,0.698448053750584,0.835969600401309,0.771384896703652,0.648924172131296,0.778780067298972,0.778842846258297,0.842810377064695,0.798672384719986,0.794209813003235,0.867291006438588,0.923421425829255,0.818411131171554,0.811460463974177,0.905463722769135,0.796533510852792,0.842145482914674,0.846441151269654,0.840042360535428,0.738829420205051,0.789083438071708,0.785203467960482,0.787893148372399,0.724544899682765,0.809550054932438,0.931511115481241,0.950857691639875,0.877337829448161,0.835350238951664,0.816091229543923,0.777206982416875,0.889602428780354,0.796023823237565,0.755690077472607,0.768362570228272,0.88582546368325,0.953739137775256,0.908079733275175,0.738061588583132,0.88193120816428,0.707953697063268,0.835971638776849,0.718537106187311,0.811316797541631,0.905303135430126,0.790322597056833,0.852143008841889,0.771782798511408,0.790458213332767,0.735077506499702,0.870969905921946,0.895998615366908,0.836099245641799,0.840913116903354,0.893697148957946,0.876952012089066,0.771889130608587,0.822514747004943,0.856564802583237,0.86728082498954,0.769045110606781,0.840548317375066,0.88124678936606
"157_8",0.864957086691605,0.878977189992091,0.687550002424547,0.803434512772884,0.733178339722264,0.759759229240139,0.805563693118454,0.663374426168203,0.637043443792663,0.780315635473369,0.822407941675284,0.640090819139977,0.784460363072368,0.757593365144021,0.769313795991946,0.79172434092433,0.822495276997417,0.763735215721701,-1.60171325190746e-16,0.691181969414608,0.803610023120692,0.723373379979107,0.679736865536742,0.867073085566094,0.867018210983352,0.667411309819121,0.791443179749788,0.844116215708422,0.779129604432495,0.764870992166385,0.730641272800555,0.779406751160945,0.793216556397276,0.844593704634518,0.790909090909091,0.788566921365576,0.833961026018674,0.719584906598982,0.785914788593702,0.841922304363427,0.743039992412947,0.877379911871785,0.875259397428957,0.891751258198819,0.852271733589353,0.794888254421327,0.875298763983856,0.852921489216243,0.862659479893455,0.852598513250489,0.857405212747545,0.813795977339763,0.828624573019486,0.789950555871822,0.803226579687087,0.936480730778563,0.766424011319834,0.794862489622728,0.873891286740864,0.834497194621044,0.847685995619768,0.902244746408166,0.797115567020795,0.73859718505611,0.793449193290348,0.84062048541567,0.862119630212943,0.802049863487004,0.790555800817574,0.75485713228362,0.904081419679907,0.803182005549267,0.831327151132602,0.836371124414974,0.937213244671645,0.761389480686684,0.781264144675043,0.748928755148463,0.776548382138717,0.844242041954425,0.71357037013914,0.60462817589018,0.667870862430219,0.754166405508944,0.746222310142759,0.801619994354498,0.818256880446633,0.780062114043104,0.847876058377417,0.886156126622032,0.592290957379717,0.829878483925952,0.832683317944825,0.878709264013464,0.844806235275589,0.725305311134105,0.851001930185598,0.848412458739863
"160_10",0.953287953254122,0.816657648265082,0.930026023243667,0.923282956220954,0.695380890900582,0.688758391232709,0.697883308506712,0.733367106732789,0.701704455876737,0.574761601421492,0.776177483396981,0.642070820668386,0.692379572211796,0.758559998611355,0.825519859049958,0.713934532224196,0.759458277856802,0.715863594387738,0.691181969414608,6.40685300762983e-16,0.763073403699233,0.731209654040895,0.6723089088803,0.932625542205758,0.888961371126611,0.680655924721951,0.918361525436922,0.802692843525504,0.672221229321318,0.78516884531145,0.739829018608473,0.802776963106382,0.875184177694387,0.681092601248108,0.775879536232164,0.681005951045234,0.791046146030673,0.756452022360916,0.735971255533691,0.768091933822763,0.766042326147085,0.865913122570232,0.721306125640104,0.638074013822837,0.664964506808957,0.603235945991534,0.850982202907179,0.780942135420549,0.765599292769975,0.682580274009844,0.668782604788237,0.60376584674175,0.782069099475837,0.776258207631802,0.840520230128131,0.97416200739982,0.809264907337306,0.719255250570994,0.805335449399889,0.848161846948071,0.733149257713612,0.940776330239336,0.863013288666141,0.819010993906555,0.760622243665648,0.773362646858367,0.805177669887584,0.797203111889885,0.74443653557741,0.744041599837055,0.905835514718119,0.881120948614546,0.89895665135781,0.782020365239763,0.917900072305102,0.736309913700624,0.911466759578016,0.780745609474282,0.668595454735916,0.820267233351273,0.559565101504798,0.726117994212806,0.513781168314121,0.708627473133361,0.628844705815677,0.671860999080815,0.749963010174773,0.71620696147899,0.748024091742352,0.911412345843878,0.768216534817995,0.642719568631161,0.791293094395839,0.749806492110561,0.7310538950205,0.585151011873896,0.640702892771148,0.645140852994565
"160_11",0.789450516813755,0.667339817460144,0.839916540501466,0.726568777111512,0.800390391000669,0.659533359449308,0.854954430023178,0.635599914001381,0.612650167883908,0.60132426125522,0.711467669236071,0.672553309595821,0.694434298572709,0.586729820665724,0.859355649774722,0.879982102859288,0.796945744332004,0.860222166525227,0.803610023120692,0.763073403699233,-1.60171325190746e-16,0.731019173744701,0.728398470460945,0.767012387130859,0.77238763887542,0.830814620315289,0.750953825842572,0.683729935091484,0.55004442465601,0.672836289793739,0.747938422372178,0.7353340864736,0.852577991686058,0.738146355092384,0.909315862147772,0.883855954727209,0.905792649640269,0.659581304885678,0.885175972745809,0.88253589197103,0.771537875399845,0.93817841405676,0.865341264663294,0.897229971099274,0.923326245028539,0.856648316222567,0.896927902972075,0.908133694651997,0.859200862433209,0.805477701744901,0.897739134480652,0.867224593561665,0.896990684221015,0.8982200692749,0.826251777580413,0.911997381397271,0.841786486779073,0.863041015908584,0.856096579461919,0.87603221194554,0.73703008482302,0.909938908040542,0.8363257544456,0.816936618599774,0.845034579352077,0.812020473104372,0.850660130158286,0.824690163706455,0.86310734168471,0.852307568961709,0.83309322554717,0.915558299459005,0.94296257775087,0.895903389070933,0.922056520633761,0.81749325571468,0.890679507092093,0.918523020826552,0.661096571165375,0.731956811514083,0.6268430763982,0.727520960854417,0.767022773446533,0.758873832506272,0.788870689737262,0.755277948273311,0.789197136556579,0.868500745742229,0.654353672090014,0.818819240858188,0.637972508043713,0.739443786973128,0.706337784691939,0.806254821158976,0.76075722966363,0.734204229307266,0.811956337971644,0.755038629639548
"160_5",0.826488215596818,0.818469556416717,0.914073767181092,0.775401154083039,0.731356381503568,0.58536954566553,0.666949335867095,0.839580866314326,0.794291472397219,0.710581207061565,0.555011374788499,0.710400252356245,0.452548896173928,0.686187616850524,0.678255037944001,0.813303588475341,0.663337164298525,0.848279875863414,0.723373379979107,0.731209654040895,0.731019173744701,0,0.732870814357668,0.778443807884939,0.793217851705331,0.786349981431827,0.809639683892704,0.77884476817709,0.692030347374212,0.766261720581708,0.784779289330098,0.780270804563459,0.865018248966967,0.805134654717939,0.798981021678558,0.801137191600108,0.801975885686124,0.621209709097157,0.84158330940784,0.820733602982588,0.774266675567426,0.868807082548685,0.746881291596976,0.812752660722783,0.812218524621852,0.786545847081473,0.801753397212129,0.747354283905515,0.770841038951045,0.794846225122909,0.758253746763708,0.847829510106935,0.786452433901405,0.739839559291084,0.819381369395337,0.917487500010352,0.834182411178481,0.75038122669594,0.829823755795215,0.802302458640813,0.771338308067027,0.90966541234893,0.894627879509105,0.834619210553337,0.831158619573409,0.699998395196259,0.731544500513682,0.707600229551398,0.776114433025138,0.782606915850322,0.771362271982463,0.941371150140921,0.889230534793581,0.81411344568504,0.86128949306763,0.749269806106112,0.838047366279743,0.883387370846236,0.793804454557255,0.608907496857708,0.738528243324475,0.882622678575181,0.728398281243019,0.477160670472355,0.771088485727973,0.529179843066648,0.763816792614445,0.810010354710807,0.775023214645629,0.925000715584523,0.835644831106542,0.716217452957617,0.832964889593976,0.677977728655333,0.650060419138646,0.763194196495059,0.842849942436374,0.593522633386573
